3.456951E-3	1.000000E-3
3.451105E-3	9.990000E-4
3.446183E-3	9.980000E-4
3.438883E-3	9.970000E-4
3.436201E-3	9.960000E-4
3.443659E-3	9.950000E-4
3.437661E-3	9.940000E-4
3.424670E-3	9.930000E-4
3.430595E-3	9.920000E-4
3.416681E-3	9.910000E-4
3.412064E-3	9.900000E-4
3.420218E-3	9.890000E-4
3.410692E-3	9.880000E-4
3.405462E-3	9.869999E-4
3.406002E-3	9.860001E-4
3.395859E-3	9.850000E-4
3.392866E-3	9.840000E-4
3.395022E-3	9.830000E-4
3.392940E-3	9.820000E-4
3.386876E-3	9.810000E-4
3.391343E-3	9.800000E-4
3.375879E-3	9.790000E-4
3.373820E-3	9.780000E-4
3.368824E-3	9.770000E-4
3.369041E-3	9.760000E-4
3.365746E-3	9.750000E-4
3.359981E-3	9.740000E-4
3.360755E-3	9.730000E-4
3.350831E-3	9.720000E-4
3.351830E-3	9.710000E-4
3.349307E-3	9.700000E-4
3.350222E-3	9.690000E-4
3.341848E-3	9.680000E-4
3.330864E-3	9.670000E-4
3.336404E-3	9.660000E-4
3.329793E-3	9.650000E-4
3.329874E-3	9.640000E-4
3.318716E-3	9.630000E-4
3.316264E-3	9.620000E-4
3.307109E-3	9.610000E-4
3.309728E-3	9.600000E-4
3.305121E-3	9.590000E-4
3.301968E-3	9.580000E-4
3.309673E-3	9.570000E-4
3.289906E-3	9.560000E-4
3.293676E-3	9.550000E-4
3.286146E-3	9.540000E-4
3.285078E-3	9.530000E-4
3.282611E-3	9.520000E-4
3.278006E-3	9.510000E-4
3.280928E-3	9.500000E-4
3.273008E-3	9.490000E-4
3.268172E-3	9.480000E-4
3.264098E-3	9.470000E-4
3.261406E-3	9.460000E-4
3.255187E-3	9.450000E-4
3.262721E-3	9.440000E-4
3.249732E-3	9.430000E-4
3.242882E-3	9.420000E-4
3.236587E-3	9.410000E-4
3.240588E-3	9.400000E-4
3.229607E-3	9.390000E-4
3.240133E-3	9.380000E-4
3.227680E-3	9.370000E-4
3.225922E-3	9.360000E-4
3.224849E-3	9.350000E-4
3.222076E-3	9.340000E-4
3.218463E-3	9.330000E-4
3.212629E-3	9.320000E-4
3.210015E-3	9.310000E-4
3.205252E-3	9.300000E-4
3.197254E-3	9.290000E-4
3.200869E-3	9.280000E-4
3.192654E-3	9.270000E-4
3.188971E-3	9.260000E-4
3.188349E-3	9.250000E-4
3.181822E-3	9.240000E-4
3.184592E-3	9.230000E-4
3.177211E-3	9.220000E-4
3.170137E-3	9.210000E-4
3.167296E-3	9.200000E-4
3.159530E-3	9.190000E-4
3.162751E-3	9.180000E-4
3.155537E-3	9.170000E-4
3.149158E-3	9.160000E-4
3.146476E-3	9.150000E-4
3.144931E-3	9.140000E-4
3.144168E-3	9.130000E-4
3.133799E-3	9.120000E-4
3.130490E-3	9.110000E-4
3.119964E-3	9.100000E-4
3.123034E-3	9.090000E-4
3.125115E-3	9.080000E-4
3.114351E-3	9.070000E-4
3.102285E-3	9.060000E-4
3.109816E-3	9.050000E-4
3.111672E-3	9.040000E-4
3.102369E-3	9.030000E-4
3.102446E-3	9.020000E-4
3.092151E-3	9.010000E-4
3.087702E-3	9.000000E-4
3.088927E-3	8.990000E-4
3.083861E-3	8.980000E-4
3.077856E-3	8.970000E-4
3.068177E-3	8.960000E-4
3.070948E-3	8.950000E-4
3.073181E-3	8.940000E-4
3.064730E-3	8.930000E-4
3.062266E-3	8.920000E-4
3.051812E-3	8.910000E-4
3.049056E-3	8.900000E-4
3.049979E-3	8.890000E-4
3.043524E-3	8.880000E-4
3.032995E-3	8.870000E-4
3.038071E-3	8.860000E-4
3.033615E-3	8.850000E-4
3.027464E-3	8.840000E-4
3.020237E-3	8.830000E-4
3.020091E-3	8.820000E-4
3.019547E-3	8.810000E-4
3.012563E-3	8.800000E-4
3.011407E-3	8.790000E-4
2.992885E-3	8.780000E-4
2.996879E-3	8.770000E-4
2.986514E-3	8.760000E-4
2.989133E-3	8.750000E-4
2.985287E-3	8.740000E-4
2.979370E-3	8.730000E-4
2.976837E-3	8.720000E-4
2.967227E-3	8.710000E-4
2.958164E-3	8.700000E-4
2.962003E-3	8.690000E-4
2.957707E-3	8.680000E-4
2.948402E-3	8.670000E-4
2.942948E-3	8.660000E-4
2.933575E-3	8.650000E-4
2.931192E-3	8.640000E-4
2.926663E-3	8.630000E-4
2.918748E-3	8.620000E-4
2.914291E-3	8.610000E-4
2.905524E-3	8.600000E-4
2.904305E-3	8.590000E-4
2.899769E-3	8.580000E-4
2.897077E-3	8.570000E-4
2.902312E-3	8.560000E-4
2.882712E-3	8.550000E-4
2.887403E-3	8.540000E-4
2.884403E-3	8.530000E-4
2.880565E-3	8.520000E-4
2.875957E-3	8.510000E-4
2.873262E-3	8.500000E-4
2.874801E-3	8.490000E-4
2.866197E-3	8.480000E-4
2.869194E-3	8.470000E-4
2.864275E-3	8.460000E-4
2.862743E-3	8.450000E-4
2.856360E-3	8.440000E-4
2.849213E-3	8.430000E-4
2.857518E-3	8.420000E-4
2.855373E-3	8.410000E-4
2.860053E-3	8.400000E-4
2.851449E-3	8.390000E-4
2.854673E-3	8.380000E-4
2.849835E-3	8.370000E-4
2.846843E-3	8.360000E-4
2.846221E-3	8.350000E-4
2.852838E-3	8.340000E-4
2.846759E-3	8.330000E-4
2.846686E-3	8.320000E-4
2.853296E-3	8.310000E-4
2.841769E-3	8.300000E-4
2.840152E-3	8.290000E-4
2.845614E-3	8.280000E-4
2.836465E-3	8.270000E-4
2.841918E-3	8.260000E-4
2.837233E-3	8.250000E-4
2.835623E-3	8.240000E-4
2.835467E-3	8.230000E-4
2.839006E-3	8.220000E-4
2.835077E-3	8.210000E-4
2.839008E-3	8.200000E-4
2.840849E-3	8.190000E-4
2.829469E-3	8.180000E-4
2.832085E-3	8.170000E-4
2.832465E-3	8.160000E-4
2.830395E-3	8.150000E-4
2.831853E-3	8.140000E-4
2.838621E-3	8.130000E-4
2.835850E-3	8.120000E-4
2.831158E-3	8.110000E-4
2.826323E-3	8.100000E-4
2.827710E-3	8.090000E-4
2.831628E-3	8.080000E-4
2.833859E-3	8.070000E-4
2.824717E-3	8.060000E-4
2.829476E-3	8.050000E-4
2.821098E-3	8.040000E-4
2.826097E-3	8.030000E-4
2.822096E-3	8.020000E-4
2.823635E-3	8.010000E-4
2.822487E-3	8.000000E-4
2.821717E-3	7.990000E-4
2.814407E-3	7.980000E-4
2.822091E-3	7.970000E-4
2.823407E-3	7.960000E-4
2.821333E-3	7.950000E-4
2.823561E-3	7.940000E-4
2.816337E-3	7.930000E-4
2.819490E-3	7.920000E-4
2.820709E-3	7.910000E-4
2.813487E-3	7.900000E-4
2.815722E-3	7.890000E-4
2.815490E-3	7.880000E-4
2.814261E-3	7.870000E-4
2.818414E-3	7.860000E-4
2.813878E-3	7.850000E-4
2.811417E-3	7.840000E-4
2.812881E-3	7.830000E-4
2.817866E-3	7.820000E-4
2.814646E-3	7.810000E-4
2.813725E-3	7.800000E-4
2.813952E-3	7.790000E-4
2.812567E-3	7.780000E-4
2.813028E-3	7.770000E-4
2.809950E-3	7.760000E-4
2.811038E-3	7.750000E-4
2.811261E-3	7.740000E-4
2.819414E-3	7.730000E-4
2.808272E-3	7.720000E-4
2.807967E-3	7.710000E-4
2.808570E-3	7.700000E-4
2.810889E-3	7.690000E-4
2.804197E-3	7.680000E-4
2.809108E-3	7.670000E-4
2.802039E-3	7.660000E-4
2.803040E-3	7.650000E-4
2.801434E-3	7.640000E-4
2.809956E-3	7.630000E-4
2.800890E-3	7.620000E-4
2.802502E-3	7.610000E-4
2.808270E-3	7.600000E-4
2.802814E-3	7.590000E-4
2.800813E-3	7.580000E-4
2.804356E-3	7.570000E-4
2.803579E-3	7.560000E-4
2.807268E-3	7.550000E-4
2.798739E-3	7.540000E-4
2.802355E-3	7.530000E-4
2.799656E-3	7.520000E-4
2.801433E-3	7.510000E-4
2.798362E-3	7.500000E-4
2.797964E-3	7.490000E-4
2.807578E-3	7.480000E-4
2.802589E-3	7.470000E-4
2.794898E-3	7.460000E-4
2.793287E-3	7.450000E-4
2.804732E-3	7.440000E-4
2.796969E-3	7.430000E-4
2.796667E-3	7.420000E-4
2.796051E-3	7.410000E-4
2.796279E-3	7.400000E-4
2.798817E-3	7.390000E-4
2.803354E-3	7.380000E-4
2.796129E-3	7.370000E-4
2.797664E-3	7.360000E-4
2.789206E-3	7.350000E-4
2.794439E-3	7.340000E-4
2.802743E-3	7.330000E-4
2.791903E-3	7.320000E-4
2.796134E-3	7.310000E-4
2.802503E-3	7.300000E-4
2.793979E-3	7.290000E-4
2.790287E-3	7.280000E-4
2.791603E-3	7.270000E-4
2.791828E-3	7.260000E-4
2.796823E-3	7.250000E-4
2.793285E-3	7.240000E-4
2.796436E-3	7.230000E-4
2.786526E-3	7.220000E-4
2.793129E-3	7.210000E-4
2.788598E-3	7.200000E-4
2.792524E-3	7.190000E-4
2.788831E-3	7.180000E-4
2.790988E-3	7.170000E-4
2.792359E-3	7.160000E-4
2.795207E-3	7.150000E-4
2.792828E-3	7.140000E-4
2.792526E-3	7.130000E-4
2.785068E-3	7.120000E-4
2.791212E-3	7.110000E-4
2.789678E-3	7.100000E-4
2.789290E-3	7.090000E-4
2.783763E-3	7.080000E-4
2.782606E-3	7.070000E-4
2.794290E-3	7.060000E-4
2.788447E-3	7.050000E-4
2.792442E-3	7.040000E-4
2.784685E-3	7.030000E-4
2.785374E-3	7.020000E-4
2.787449E-3	7.010000E-4
2.788288E-3	7.000000E-4
2.785604E-3	6.990000E-4
2.783602E-3	6.980000E-4
2.784374E-3	6.970000E-4
2.783223E-3	6.960000E-4
2.780994E-3	6.950000E-4
2.781688E-3	6.940000E-4
2.779614E-3	6.930000E-4
2.781530E-3	6.920000E-4
2.777227E-3	6.910000E-4
2.776451E-3	6.900000E-4
2.781304E-3	6.890000E-4
2.780762E-3	6.880000E-4
2.775309E-3	6.870000E-4
2.776004E-3	6.860000E-4
2.780004E-3	6.850000E-4
2.777694E-3	6.840000E-4
2.777237E-3	6.830000E-4
2.775694E-3	6.820000E-4
2.775912E-3	6.810000E-4
2.774306E-3	6.800000E-4
2.770159E-3	6.790000E-4
2.779071E-3	6.780000E-4
2.770461E-3	6.770000E-4
2.772772E-3	6.760000E-4
2.774855E-3	6.750000E-4
2.768853E-3	6.740000E-4
2.772777E-3	6.730000E-4
2.771541E-3	6.720000E-4
2.769773E-3	6.710000E-4
2.766318E-3	6.700000E-4
2.764939E-3	6.690000E-4
2.767861E-3	6.680000E-4
2.774006E-3	6.670000E-4
2.765858E-3	6.660000E-4
2.771628E-3	6.650000E-4
2.761398E-3	6.640000E-4
2.766318E-3	6.630000E-4
2.765009E-3	6.620000E-4
2.766396E-3	6.610000E-4
2.767470E-3	6.600000E-4
2.768930E-3	6.590000E-4
2.764554E-3	6.580000E-4
2.764704E-3	6.570000E-4
2.765093E-3	6.560000E-4
2.761789E-3	6.550000E-4
2.761252E-3	6.540000E-4
2.760174E-3	6.530000E-4
2.756802E-3	6.520000E-4
2.756327E-3	6.510000E-4
2.758028E-3	6.500000E-4
2.753251E-3	6.490000E-4
2.755945E-3	6.480000E-4
2.759631E-3	6.470000E-4
2.754260E-3	6.460000E-4
2.752337E-3	6.450000E-4
2.747335E-3	6.440000E-4
2.745040E-3	6.430000E-4
2.748576E-3	6.420000E-4
2.748110E-3	6.410000E-4
2.742121E-3	6.400000E-4
2.736197E-3	6.390000E-4
2.738117E-3	6.380000E-4
2.734355E-3	6.370000E-4
2.730584E-3	6.360000E-4
2.734731E-3	6.350000E-4
2.728903E-3	6.340000E-4
2.727824E-3	6.330000E-4
2.728130E-3	6.320000E-4
2.718760E-3	6.310000E-4
2.714455E-3	6.300000E-4
2.720001E-3	6.290000E-4
2.716688E-3	6.280000E-4
2.703694E-3	6.270000E-4
2.705157E-3	6.260000E-4
2.708162E-3	6.250000E-4
2.704629E-3	6.240000E-4
2.692787E-3	6.230000E-4
2.698558E-3	6.220000E-4
2.699479E-3	6.210000E-4
2.686799E-3	6.200000E-4
2.689030E-3	6.190000E-4
2.682963E-3	6.180000E-4
2.678423E-3	6.170000E-4
2.672202E-3	6.160000E-4
2.679587E-3	6.150000E-4
2.666523E-3	6.140000E-4
2.670132E-3	6.130000E-4
2.667208E-3	6.120000E-4
2.656534E-3	6.110000E-4
2.650381E-3	6.100000E-4
2.644852E-3	6.090000E-4
2.639703E-3	6.080000E-4
2.645546E-3	6.070000E-4
2.637559E-3	6.060000E-4
2.635790E-3	6.050000E-4
2.629873E-3	6.040000E-4
2.617348E-3	6.030000E-4
2.616657E-3	6.020000E-4
2.615273E-3	6.010000E-4
2.608513E-3	6.000000E-4
2.604668E-3	5.990000E-4
2.601441E-3	5.980000E-4
2.598211E-3	5.970000E-4
2.594605E-3	5.960000E-4
2.588145E-3	5.950000E-4
2.586624E-3	5.940000E-4
2.579620E-3	5.930000E-4
2.575625E-3	5.920000E-4
2.572629E-3	5.910000E-4
2.570178E-3	5.900000E-4
2.564796E-3	5.890000E-4
2.564186E-3	5.880000E-4
2.560573E-3	5.870000E-4
2.551423E-3	5.860000E-4
2.549050E-3	5.850000E-4
2.536362E-3	5.840000E-4
2.534291E-3	5.830000E-4
2.530905E-3	5.820000E-4
2.532531E-3	5.810000E-4
2.519152E-3	5.800000E-4
2.513934E-3	5.790000E-4
2.510704E-3	5.780000E-4
2.512934E-3	5.770000E-4
2.504485E-3	5.760000E-4
2.499797E-3	5.750000E-4
2.501948E-3	5.740000E-4
2.490578E-3	5.730000E-4
2.482126E-3	5.720000E-4
2.493039E-3	5.710000E-4
2.480359E-3	5.700000E-4
2.478440E-3	5.690000E-4
2.466682E-3	5.680000E-4
2.467683E-3	5.670000E-4
2.469222E-3	5.660000E-4
2.458468E-3	5.650000E-4
2.458390E-3	5.640000E-4
2.446549E-3	5.630000E-4
2.448869E-3	5.620000E-4
2.443560E-3	5.610000E-4
2.442640E-3	5.600000E-4
2.430192E-3	5.590000E-4
2.430958E-3	5.580000E-4
2.424736E-3	5.570000E-4
2.408519E-3	5.560000E-4
2.406222E-3	5.550000E-4
2.408446E-3	5.540000E-4
2.405913E-3	5.530000E-4
2.399537E-3	5.520000E-4
2.394152E-3	5.510000E-4
2.392771E-3	5.500000E-4
2.385936E-3	5.490000E-4
2.381708E-3	5.480000E-4
2.377947E-3	5.470000E-4
2.374799E-3	5.460000E-4
2.374490E-3	5.450000E-4
2.366580E-3	5.440000E-4
2.368883E-3	5.430000E-4
2.361898E-3	5.420000E-4
2.355356E-3	5.410000E-4
2.340374E-3	5.400000E-4
2.342376E-3	5.390000E-4
2.335068E-3	5.380000E-4
2.331081E-3	5.370000E-4
2.329845E-3	5.360000E-4
2.332468E-3	5.350000E-4
2.318861E-3	5.340000E-4
2.303799E-3	5.330000E-4
2.312176E-3	5.320000E-4
2.314415E-3	5.310000E-4
2.299730E-3	5.300000E-4
2.297435E-3	5.290000E-4
2.297894E-3	5.280000E-4
2.282756E-3	5.270000E-4
2.279982E-3	5.260000E-4
2.280450E-3	5.250000E-4
2.270691E-3	5.240000E-4
2.265004E-3	5.230000E-4
2.270536E-3	5.220000E-4
2.260172E-3	5.210000E-4
2.253869E-3	5.200000E-4
2.257093E-3	5.190000E-4
2.251870E-3	5.180000E-4
2.243340E-3	5.170000E-4
2.237808E-3	5.160000E-4
2.234656E-3	5.150000E-4
2.232433E-3	5.140000E-4
2.223520E-3	5.130000E-4
2.220598E-3	5.120000E-4
2.212297E-3	5.110000E-4
2.210376E-3	5.100000E-4
2.202543E-3	5.090000E-4
2.204536E-3	5.080000E-4
2.198390E-3	5.070000E-4
2.192016E-3	5.060000E-4
2.191481E-3	5.050000E-4
2.181725E-3	5.040000E-4
2.181418E-3	5.030000E-4
2.178882E-3	5.020000E-4
2.172887E-3	5.010000E-4
2.165662E-3	5.000000E-4
2.163904E-3	4.990000E-4
2.154908E-3	4.980000E-4
2.149917E-3	4.970000E-4
2.143002E-3	4.960000E-4
2.140077E-3	4.950000E-4
2.136701E-3	4.940000E-4
2.135855E-3	4.930000E-4
2.123255E-3	4.920000E-4
2.123103E-3	4.910000E-4
2.120947E-3	4.900000E-4
2.125791E-3	4.890000E-4
2.108272E-3	4.880000E-4
2.105048E-3	4.870000E-4
2.098056E-3	4.860000E-4
2.095441E-3	4.850000E-4
2.096908E-3	4.840000E-4
2.091912E-3	4.830000E-4
2.084764E-3	4.820000E-4
2.075084E-3	4.810000E-4
2.076396E-3	4.800000E-4
2.067861E-3	4.790000E-4
2.064485E-3	4.780000E-4
2.066712E-3	4.770000E-4
2.048961E-3	4.760000E-4
2.054644E-3	4.750000E-4
2.043665E-3	4.740000E-4
2.048123E-3	4.730000E-4
2.037057E-3	4.720000E-4
2.032288E-3	4.710000E-4
2.024450E-3	4.700000E-4
2.020378E-3	4.690000E-4
2.020918E-3	4.680000E-4
2.015157E-3	4.670000E-4
2.010088E-3	4.660000E-4
2.010395E-3	4.650000E-4
2.003629E-3	4.640000E-4
1.991264E-3	4.630000E-4
1.990028E-3	4.620000E-4
1.984958E-3	4.610000E-4
1.979507E-3	4.600000E-4
1.975586E-3	4.590000E-4
1.975820E-3	4.580000E-4
1.968055E-3	4.570000E-4
1.972211E-3	4.560000E-4
1.960448E-3	4.550000E-4
1.961078E-3	4.540000E-4
1.957463E-3	4.530000E-4
1.946933E-3	4.520000E-4
1.933404E-3	4.510000E-4
1.935021E-3	4.500000E-4
1.934329E-3	4.490000E-4
1.924576E-3	4.480000E-4
1.918579E-3	4.470000E-4
1.920272E-3	4.460000E-4
1.918431E-3	4.450000E-4
1.907826E-3	4.440000E-4
1.904063E-3	4.430000E-4
1.906597E-3	4.420000E-4
1.893534E-3	4.410000E-4
1.897762E-3	4.400000E-4
1.881702E-3	4.390000E-4
1.880549E-3	4.380000E-4
1.881551E-3	4.370000E-4
1.876482E-3	4.360000E-4
1.873486E-3	4.350000E-4
1.864805E-3	4.340000E-4
1.855970E-3	4.330000E-4
1.854891E-3	4.320000E-4
1.844980E-3	4.310000E-4
1.849438E-3	4.300000E-4
1.846131E-3	4.290000E-4
1.830996E-3	4.280000E-4
1.831840E-3	4.270000E-4
1.827071E-3	4.260000E-4
1.821699E-3	4.250000E-4
1.819008E-3	4.240000E-4
1.814861E-3	4.230000E-4
1.810253E-3	4.220000E-4
1.797571E-3	4.210000E-4
1.798191E-3	4.200000E-4
1.795653E-3	4.190000E-4
1.788050E-3	4.180000E-4
1.788816E-3	4.170000E-4
1.781750E-3	4.160000E-4
1.779447E-3	4.150000E-4
1.775988E-3	4.140000E-4
1.763462E-3	4.130000E-4
1.763233E-3	4.120000E-4
1.758084E-3	4.110000E-4
1.746633E-3	4.100000E-4
1.744714E-3	4.090000E-4
1.736415E-3	4.080000E-4
1.747401E-3	4.070000E-4
1.734727E-3	4.060000E-4
1.731115E-3	4.050000E-4
1.728658E-3	4.040000E-4
1.720745E-3	4.030000E-4
1.711291E-3	4.020000E-4
1.708067E-3	4.010000E-4
1.712599E-3	4.000000E-4
1.699542E-3	3.990000E-4
1.701074E-3	3.980000E-4
1.699079E-3	3.970000E-4
1.693471E-3	3.960000E-4
1.683485E-3	3.950000E-4
1.684251E-3	3.940000E-4
1.673803E-3	3.930000E-4
1.671419E-3	3.920000E-4
1.663738E-3	3.910000E-4
1.664509E-3	3.900000E-4
1.652592E-3	3.890000E-4
1.650139E-3	3.880000E-4
1.645684E-3	3.870000E-4
1.644220E-3	3.860000E-4
1.645997E-3	3.850000E-4
1.629937E-3	3.840000E-4
1.627014E-3	3.830000E-4
1.629394E-3	3.820000E-4
1.622940E-3	3.810000E-4
1.617479E-3	3.800000E-4
1.612255E-3	3.790000E-4
1.602579E-3	3.780000E-4
1.599578E-3	3.770000E-4
1.599888E-3	3.760000E-4
1.594514E-3	3.750000E-4
1.585372E-3	3.740000E-4
1.581529E-3	3.730000E-4
1.581686E-3	3.720000E-4
1.580001E-3	3.710000E-4
1.571541E-3	3.700000E-4
1.565932E-3	3.690000E-4
1.557634E-3	3.680000E-4
1.558328E-3	3.670000E-4
1.549872E-3	3.660000E-4
1.542805E-3	3.650000E-4
1.536043E-3	3.640000E-4
1.532737E-3	3.630000E-4
1.528975E-3	3.620000E-4
1.523750E-3	3.610000E-4
1.532130E-3	3.600000E-4
1.508922E-3	3.590000E-4
1.517915E-3	3.580000E-4
1.498857E-3	3.570000E-4
1.512770E-3	3.560000E-4
1.499550E-3	3.550000E-4
1.490021E-3	3.540000E-4
1.492714E-3	3.530000E-4
1.485953E-3	3.520000E-4
1.483419E-3	3.510000E-4
1.486339E-3	3.500000E-4
1.473894E-3	3.490000E-4
1.470435E-3	3.480000E-4
1.460752E-3	3.470000E-4
1.467207E-3	3.460000E-4
1.457990E-3	3.450000E-4
1.456915E-3	3.440000E-4
1.445919E-3	3.430000E-4
1.444153E-3	3.420000E-4
1.434320E-3	3.410000E-4
1.429253E-3	3.400000E-4
1.426948E-3	3.390000E-4
1.421028E-3	3.380000E-4
1.417265E-3	3.370000E-4
1.416114E-3	3.360000E-4
1.403434E-3	3.350000E-4
1.404051E-3	3.340000E-4
1.393369E-3	3.330000E-4
1.388837E-3	3.320000E-4
1.392221E-3	3.310000E-4
1.386688E-3	3.300000E-4
1.384615E-3	3.290000E-4
1.378392E-3	3.280000E-4
1.370630E-3	3.270000E-4
1.364948E-3	3.260000E-4
1.362260E-3	3.250000E-4
1.356494E-3	3.240000E-4
1.348349E-3	3.230000E-4
1.352038E-3	3.220000E-4
1.340511E-3	3.210000E-4
1.351274E-3	3.200000E-4
1.337901E-3	3.190000E-4
1.338979E-3	3.180000E-4
1.328448E-3	3.170000E-4
1.328991E-3	3.160000E-4
1.321383E-3	3.150000E-4
1.314005E-3	3.140000E-4
1.311010E-3	3.130000E-4
1.314316E-3	3.120000E-4
1.305941E-3	3.110000E-4
1.298798E-3	3.100000E-4
1.295722E-3	3.090000E-4
1.283043E-3	3.080000E-4
1.288502E-3	3.070000E-4
1.286044E-3	3.060000E-4
1.276208E-3	3.050000E-4
1.276360E-3	3.040000E-4
1.270523E-3	3.030000E-4
1.267452E-3	3.020000E-4
1.258536E-3	3.010000E-4
1.258922E-3	3.000000E-4
1.252392E-3	2.990000E-4
1.243479E-3	2.980000E-4
1.245093E-3	2.970000E-4
1.238946E-3	2.960000E-4
1.238641E-3	2.950000E-4
1.235104E-3	2.940000E-4
1.218121E-3	2.930000E-4
1.223961E-3	2.920000E-4
1.213973E-3	2.910000E-4
1.210212E-3	2.900000E-4
1.209676E-3	2.890000E-4
1.202219E-3	2.880000E-4
1.202140E-3	2.870000E-4
1.190386E-3	2.860000E-4
1.191156E-3	2.850000E-4
1.181477E-3	2.840000E-4
1.181170E-3	2.830000E-4
1.177561E-3	2.820000E-4
1.169029E-3	2.810000E-4
1.164575E-3	2.800000E-4
1.164346E-3	2.790000E-4
1.151664E-3	2.780000E-4
1.151513E-3	2.770000E-4
1.147902E-3	2.760000E-4
1.143291E-3	2.750000E-4
1.142368E-3	2.740000E-4
1.138684E-3	2.730000E-4
1.130229E-3	2.720000E-4
1.128771E-3	2.710000E-4
1.111482E-3	2.700000E-4
1.120400E-3	2.690000E-4
1.114175E-3	2.680000E-4
1.109794E-3	2.670000E-4
1.102496E-3	2.660000E-4
1.100806E-3	2.650000E-4
1.098581E-3	2.640000E-4
1.100038E-3	2.630000E-4
1.086132E-3	2.620000E-4
1.087976E-3	2.610000E-4
1.069536E-3	2.600000E-4
1.075069E-3	2.590000E-4
1.068922E-3	2.580000E-4
1.068770E-3	2.570000E-4
1.054783E-3	2.560000E-4
1.050404E-3	2.550000E-4
1.053171E-3	2.540000E-4
1.038034E-3	2.530000E-4
1.034884E-3	2.520000E-4
1.038420E-3	2.510000E-4
1.027817E-3	2.500000E-4
1.025515E-3	2.490000E-4
1.021437E-3	2.480000E-4
1.016294E-3	2.470000E-4
1.015295E-3	2.460000E-4
1.008071E-3	2.450000E-4
1.004538E-3	2.440000E-4
9.986963E-4	2.430000E-4
9.915533E-4	2.420000E-4
9.861006E-4	2.410000E-4
9.877894E-4	2.400000E-4
9.817196E-4	2.390000E-4
9.663493E-4	2.380000E-4
9.720398E-4	2.370000E-4
9.680424E-4	2.360000E-4
9.567490E-4	2.350000E-4
9.531356E-4	2.340000E-4
9.579015E-4	2.330000E-4
9.518312E-4	2.320000E-4
9.463020E-4	2.310000E-4
9.388466E-4	2.300000E-4
9.320091E-4	2.290000E-4
9.277061E-4	2.280000E-4
9.209480E-4	2.270000E-4
9.108038E-4	2.260000E-4
9.088088E-4	2.250000E-4
9.101924E-4	2.240000E-4
9.134196E-4	2.230000E-4
9.051971E-4	2.220000E-4
9.019718E-4	2.210000E-4
8.979000E-4	2.200000E-4
8.866815E-4	2.190000E-4
8.804565E-4	2.180000E-4
8.816875E-4	2.170000E-4
8.821504E-4	2.160000E-4
8.739295E-4	2.150000E-4
8.624807E-4	2.140000E-4
8.619435E-4	2.130000E-4
8.525676E-4	2.120000E-4
8.439654E-4	2.110000E-4
8.468063E-4	2.100000E-4
8.410427E-4	2.090000E-4
8.418930E-4	2.080000E-4
8.375864E-4	2.070000E-4
8.312126E-4	2.060000E-4
8.208386E-4	2.050000E-4
8.206050E-4	2.040000E-4
8.174567E-4	2.030000E-4
8.121550E-4	2.020000E-4
7.990148E-4	2.010000E-4
8.100806E-4	2.000000E-4
8.004776E-4	1.990000E-4
7.980950E-4	1.980000E-4
7.891068E-4	1.970000E-4
7.900306E-4	1.960000E-4
7.818104E-4	1.950000E-4
7.780467E-4	1.940000E-4
7.610636E-4	1.930000E-4
7.572999E-4	1.920000E-4
7.665190E-4	1.910000E-4
7.514592E-4	1.900000E-4
7.487694E-4	1.890000E-4
7.517696E-4	1.880000E-4
7.422398E-4	1.870000E-4
7.462371E-4	1.860000E-4
7.364787E-4	1.850000E-4
7.301799E-4	1.840000E-4
7.300258E-4	1.830000E-4
7.187315E-4	1.820000E-4
7.155041E-4	1.810000E-4
7.116629E-4	1.800000E-4
7.158128E-4	1.790000E-4
7.072846E-4	1.780000E-4
7.005217E-4	1.770000E-4
6.954512E-4	1.760000E-4
6.892272E-4	1.750000E-4
6.828524E-4	1.740000E-4
6.765511E-4	1.730000E-4
6.812407E-4	1.720000E-4
6.630293E-4	1.710000E-4
6.759382E-4	1.700000E-4
6.669481E-4	1.690000E-4
6.522730E-4	1.680000E-4
6.452040E-4	1.670000E-4
6.439752E-4	1.660000E-4
6.433625E-4	1.650000E-4
6.369104E-4	1.640000E-4
6.362936E-4	1.630000E-4
6.285333E-4	1.620000E-4
6.226177E-4	1.610000E-4
6.162395E-4	1.600000E-4
6.134746E-4	1.590000E-4
6.115533E-4	1.580000E-4
6.017192E-4	1.570000E-4
6.014886E-4	1.560000E-4
5.963407E-4	1.550000E-4
5.897357E-4	1.540000E-4
5.949587E-4	1.530000E-4
5.822063E-4	1.520000E-4
5.765198E-4	1.510000E-4
5.742147E-4	1.500000E-4
5.692966E-4	1.490000E-4
5.602291E-4	1.480000E-4
5.582338E-4	1.470000E-4
5.470927E-4	1.460000E-4
5.492452E-4	1.450000E-4
5.507042E-4	1.440000E-4
5.413324E-4	1.430000E-4
5.530113E-4	1.420000E-4
5.276551E-4	1.410000E-4
5.285024E-4	1.400000E-4
5.162079E-4	1.390000E-4
5.253506E-4	1.380000E-4
5.188205E-4	1.370000E-4
5.118300E-4	1.360000E-4
5.104469E-4	1.350000E-4
5.048386E-4	1.340000E-4
4.996135E-4	1.330000E-4
4.962333E-4	1.320000E-4
4.907777E-4	1.310000E-4
4.944675E-4	1.300000E-4
4.747209E-4	1.290000E-4
4.747960E-4	1.280000E-4
4.801749E-4	1.270000E-4
4.644245E-4	1.260000E-4
4.653473E-4	1.250000E-4
4.547447E-4	1.240000E-4
4.525936E-4	1.230000E-4
4.488284E-4	1.220000E-4
4.450635E-4	1.210000E-4
4.419907E-4	1.200000E-4
4.398402E-4	1.190000E-4
4.320806E-4	1.180000E-4
4.243962E-4	1.170000E-4
4.215549E-4	1.160000E-4
4.131786E-4	1.150000E-4
4.078006E-4	1.140000E-4
4.021167E-4	1.130000E-4
4.043454E-4	1.120000E-4
3.958932E-4	1.110000E-4
3.987356E-4	1.100000E-4
3.893615E-4	1.090000E-4
3.858271E-4	1.080000E-4
3.778365E-4	1.070000E-4
3.773766E-4	1.060000E-4
3.639300E-4	1.050000E-4
3.678488E-4	1.040000E-4
3.647770E-4	1.030000E-4
3.582462E-4	1.020000E-4
3.329679E-4	1.010000E-4
3.446456E-4	1.000000E-4
3.435731E-4	9.900000E-5
3.288979E-4	9.800000E-5
3.301247E-4	9.700000E-5
3.152212E-4	9.600000E-5
3.332006E-4	9.500000E-5
3.241354E-4	9.400000E-5
3.285914E-4	9.300000E-5
3.166047E-4	9.200000E-5
3.290531E-4	9.100000E-5
3.030837E-4	9.000000E-5
2.985507E-4	8.900000E-5
2.871780E-4	8.800000E-5
2.994722E-4	8.700000E-5
2.804180E-4	8.600000E-5
2.875648E-4	8.500000E-5
2.817255E-4	8.400000E-5
2.673571E-4	8.300000E-5
2.717375E-4	8.200000E-5
2.773458E-4	8.100000E-5
2.607496E-4	8.000000E-5
2.572143E-4	7.900000E-5
2.494544E-4	7.800000E-5
2.294795E-4	7.700000E-5
2.354715E-4	7.600000E-5
2.403119E-4	7.500000E-5
1.870686E-4	7.400000E-5
2.241014E-4	7.300000E-5
-4.280459E-5	7.200000E-5
-6.815816E-5	7.100000E-5
3.293190E-6	7.000000E-5
-7.384383E-5	6.900000E-5
-9.443401E-5	6.800000E-5
-5.217789E-5	6.700000E-5
-6.923402E-5	6.600000E-5
-1.018866E-4	6.500000E-5
-1.052670E-4	6.400000E-5
-9.904380E-5	6.300000E-5
-9.228275E-5	6.200000E-5
-9.274380E-5	6.100000E-5
-1.054976E-4	6.000000E-5
-8.990102E-5	5.900000E-5
-9.919741E-5	5.800000E-5
-9.089977E-5	5.700000E-5
-9.381936E-5	5.600000E-5
-9.113030E-5	5.500000E-5
-1.031158E-4	5.400000E-5
-9.704618E-5	5.300000E-5
-8.682786E-5	5.200000E-5
-9.566322E-5	5.100000E-5
-8.698150E-5	5.000000E-5
-8.682779E-5	4.900000E-5
-1.068805E-4	4.800000E-5
-1.005805E-4	4.700000E-5
-9.074613E-5	4.600000E-5
-9.574011E-5	4.500000E-5
-9.896694E-5	4.400000E-5
-1.088780E-4	4.300000E-5
-9.643157E-5	4.200000E-5
-9.151438E-5	4.100000E-5
-9.673884E-5	4.000000E-5
-1.001194E-4	3.900000E-5
-8.075815E-5	3.800000E-5
-1.103379E-4	3.700000E-5
-8.821068E-5	3.600000E-5
-9.589375E-5	3.500000E-5
-1.083403E-4	3.400000E-5
-9.658526E-5	3.300000E-5
-9.666217E-5	3.200000E-5
-8.598258E-5	3.100000E-5
-8.782651E-5	3.000000E-5
-1.072646E-4	2.900000E-5
-9.243637E-5	2.800000E-5
-1.031927E-4	2.700000E-5
-1.038841E-4	2.600000E-5
-9.543275E-5	2.500000E-5
-1.027317E-4	2.400000E-5
-8.705819E-5	2.300000E-5
-9.128399E-5	2.200000E-5
-1.091854E-4	2.100000E-5
-9.051563E-5	2.000000E-5
-1.010414E-4	1.900000E-5
-9.927432E-5	1.800000E-5
-9.835231E-5	1.700000E-5
-9.097667E-5	1.600000E-5
-1.035768E-4	1.500000E-5
-8.744230E-5	1.400000E-5
-1.132575E-4	1.300000E-5
-1.053439E-4	1.200000E-5
-1.034232E-4	1.100000E-5
-8.636668E-5	1.000000E-5
-1.088013E-4	9.000000E-6
-8.406190E-5	8.000000E-6
-1.054976E-4	7.000000E-6
-1.021938E-4	6.000000E-6
-9.366559E-5	5.000000E-6
-1.019634E-4	4.000000E-6
-9.965844E-5	3.000000E-6
-1.077257E-4	2.000000E-6
-1.081099E-4	1.000000E-6
-9.535598E-5	0.000000E+0
-9.727664E-5	0.000000E+0
-9.328160E-5	-1.000000E-6
-9.282045E-5	-2.000000E-6
-9.351195E-5	-3.000000E-6
-1.100305E-4	-4.000000E-6
-9.335837E-5	-5.000000E-6
-9.550949E-5	-6.000000E-6
-1.008879E-4	-7.000000E-6
-1.052672E-4	-8.000000E-6
-9.259000E-5	-9.000000E-6
-8.360093E-5	-1.000000E-5
-1.002731E-4	-1.100000E-5
-9.274368E-5	-1.200000E-5
-9.789140E-5	-1.300000E-5
-1.039610E-4	-1.400000E-5
-9.235953E-5	-1.500000E-5
-1.100305E-4	-1.600000E-5
-8.675096E-5	-1.700000E-5
-8.982413E-5	-1.800000E-5
-1.011182E-4	-1.900000E-5
-1.052671E-4	-2.000000E-5
-1.017328E-4	-2.100000E-5
-9.097670E-5	-2.200000E-5
-1.050366E-4	-2.300000E-5
-1.046524E-4	-2.400000E-5
-1.011951E-4	-2.500000E-5
-9.719981E-5	-2.600000E-5
-1.012719E-4	-2.700000E-5
-9.597046E-5	-2.800000E-5
-9.404978E-5	-2.900000E-5
-9.942796E-5	-3.000000E-5
-9.796811E-5	-3.100000E-5
-9.428035E-5	-3.200000E-5
-1.035768E-4	-3.300000E-5
-9.735349E-5	-3.400000E-5
-1.048829E-4	-3.500000E-5
-9.919748E-5	-3.600000E-5
-9.159127E-5	-3.700000E-5
-9.819876E-5	-3.800000E-5
-1.071110E-4	-3.900000E-5
-9.612436E-5	-4.000000E-5
-8.313996E-5	-4.100000E-5
-1.005804E-4	-4.200000E-5
-8.022039E-5	-4.300000E-5
-1.012719E-4	-4.400000E-5
-1.081866E-4	-4.500000E-5
-9.343521E-5	-4.600000E-5
-1.074183E-4	-4.700000E-5
-1.154087E-4	-4.800000E-5
-1.061121E-4	-4.900000E-5
-8.813391E-5	-5.000000E-5
-9.028518E-5	-5.100000E-5
-1.048061E-4	-5.200000E-5
-9.151448E-5	-5.300000E-5
-9.343527E-5	-5.400000E-5
-1.041146E-4	-5.500000E-5
-9.896703E-5	-5.600000E-5
-9.574024E-5	-5.700000E-5
-9.719991E-5	-5.800000E-5
-8.567530E-5	-5.900000E-5
-9.766085E-5	-6.000000E-5
-9.958164E-5	-6.100000E-5
-9.612414E-5	-6.200000E-5
-1.006573E-4	-6.300000E-5
-9.074610E-5	-6.400000E-5
-9.804504E-5	-6.500000E-5
-8.897898E-5	-6.600000E-5
-9.881333E-5	-6.700000E-5
-9.143768E-5	-6.800000E-5
-1.146404E-4	-6.900000E-5
-1.907811E-4	-7.000000E-5
-1.030390E-4	-7.100000E-5
-1.058049E-4	-7.200000E-5
-1.632752E-4	-7.300000E-5
-1.994634E-4	-7.400000E-5
-4.323399E-4	-7.500000E-5
-3.757153E-4	-7.600000E-5
-4.024529E-4	-7.700000E-5
-3.714137E-4	-7.800000E-5
-4.450945E-4	-7.900000E-5
-4.600012E-4	-8.000000E-5
-4.658395E-4	-8.100000E-5
-4.596930E-4	-8.200000E-5
-4.615384E-4	-8.300000E-5
-4.718328E-4	-8.400000E-5
-4.730627E-4	-8.500000E-5
-4.812832E-4	-8.600000E-5
-4.922711E-4	-8.700000E-5
-4.987246E-4	-8.800000E-5
-4.865854E-4	-8.900000E-5
-4.959588E-4	-9.000000E-5
-5.081754E-4	-9.100000E-5
-5.104790E-4	-9.200000E-5
-5.129390E-4	-9.300000E-5
-5.065615E-4	-9.400000E-5
-5.135537E-4	-9.500000E-5
-5.150890E-4	-9.600000E-5
-5.286896E-4	-9.700000E-5
-5.273821E-4	-9.800000E-5
-5.382145E-4	-9.900000E-5
-5.412114E-4	-1.000000E-4
-5.478204E-4	-1.010000E-4
-5.561159E-4	-1.020000E-4
-5.634169E-4	-1.030000E-4
-5.631084E-4	-1.040000E-4
-5.633390E-4	-1.050000E-4
-5.736370E-4	-1.060000E-4
-5.806267E-4	-1.070000E-4
-5.849290E-4	-1.080000E-4
-5.916907E-4	-1.090000E-4
-5.928421E-4	-1.100000E-4
-5.986064E-4	-1.110000E-4
-6.052889E-4	-1.120000E-4
-6.059813E-4	-1.130000E-4
-6.141250E-4	-1.140000E-4
-6.144338E-4	-1.150000E-4
-6.221927E-4	-1.160000E-4
-6.258035E-4	-1.170000E-4
-6.317197E-4	-1.180000E-4
-6.389423E-4	-1.190000E-4
-6.466257E-4	-1.200000E-4
-6.403254E-4	-1.210000E-4
-6.478541E-4	-1.220000E-4
-6.530787E-4	-1.230000E-4
-6.590717E-4	-1.240000E-4
-6.622990E-4	-1.250000E-4
-6.646817E-4	-1.260000E-4
-6.714424E-4	-1.270000E-4
-6.704432E-4	-1.280000E-4
-6.806622E-4	-1.290000E-4
-6.758232E-4	-1.300000E-4
-6.825081E-4	-1.310000E-4
-6.867334E-4	-1.320000E-4
-6.974126E-4	-1.330000E-4
-7.018701E-4	-1.340000E-4
-7.062483E-4	-1.350000E-4
-7.142386E-4	-1.360000E-4
-7.071713E-4	-1.370000E-4
-7.193082E-4	-1.380000E-4
-7.256866E-4	-1.390000E-4
-7.250709E-4	-1.400000E-4
-7.331396E-4	-1.410000E-4
-7.348301E-4	-1.420000E-4
-7.438186E-4	-1.430000E-4
-7.457391E-4	-1.440000E-4
-7.504261E-4	-1.450000E-4
-7.591821E-4	-1.460000E-4
-7.637183E-4	-1.470000E-4
-7.640244E-4	-1.480000E-4
-7.710170E-4	-1.490000E-4
-7.688673E-4	-1.500000E-4
-7.810813E-4	-1.510000E-4
-7.790078E-4	-1.520000E-4
-7.833114E-4	-1.530000E-4
-7.949880E-4	-1.540000E-4
-7.941438E-4	-1.550000E-4
-8.041300E-4	-1.560000E-4
-8.003677E-4	-1.570000E-4
-8.073581E-4	-1.580000E-4
-8.112761E-4	-1.590000E-4
-8.237991E-4	-1.600000E-4
-8.231858E-4	-1.610000E-4
-8.324051E-4	-1.620000E-4
-8.383991E-4	-1.630000E-4
-8.297958E-4	-1.640000E-4
-8.377861E-4	-1.650000E-4
-8.498483E-4	-1.660000E-4
-8.533808E-4	-1.670000E-4
-8.519991E-4	-1.680000E-4
-8.584528E-4	-1.690000E-4
-8.653667E-4	-1.700000E-4
-8.758161E-4	-1.710000E-4
-8.741263E-4	-1.720000E-4
-8.742799E-4	-1.730000E-4
-8.861128E-4	-1.740000E-4
-8.831932E-4	-1.750000E-4
-8.921046E-4	-1.760000E-4
-8.996347E-4	-1.770000E-4
-8.990212E-4	-1.780000E-4
-9.103133E-4	-1.790000E-4
-9.105430E-4	-1.800000E-4
-9.209192E-4	-1.810000E-4
-9.234523E-4	-1.820000E-4
-9.279856E-4	-1.830000E-4
-9.291394E-4	-1.840000E-4
-9.335176E-4	-1.850000E-4
-9.389740E-4	-1.860000E-4
-9.444274E-4	-1.870000E-4
-9.475046E-4	-1.880000E-4
-9.538765E-4	-1.890000E-4
-9.587935E-4	-1.900000E-4
-9.621755E-4	-1.910000E-4
-9.687835E-4	-1.920000E-4
-9.720868E-4	-1.930000E-4
-9.792305E-4	-1.940000E-4
-9.755468E-4	-1.950000E-4
-9.793089E-4	-1.960000E-4
-9.866850E-4	-1.970000E-4
-9.942151E-4	-1.980000E-4
-9.943685E-4	-1.990000E-4
-1.001051E-3	-2.000000E-4
-1.005200E-3	-2.010000E-4
-1.015882E-3	-2.020000E-4
-1.015957E-3	-2.030000E-4
-1.019107E-3	-2.040000E-4
-1.023641E-3	-2.050000E-4
-1.039314E-3	-2.060000E-4
-1.030712E-3	-2.070000E-4
-1.037473E-3	-2.080000E-4
-1.048149E-3	-2.090000E-4
-1.042617E-3	-2.100000E-4
-1.049841E-3	-2.110000E-4
-1.056296E-3	-2.120000E-4
-1.060060E-3	-2.130000E-4
-1.065975E-3	-2.140000E-4
-1.067820E-3	-2.150000E-4
-1.073196E-3	-2.160000E-4
-1.068284E-3	-2.170000E-4
-1.077273E-3	-2.180000E-4
-1.084033E-3	-2.190000E-4
-1.089720E-3	-2.200000E-4
-1.091253E-3	-2.210000E-4
-1.101626E-3	-2.220000E-4
-1.106543E-3	-2.230000E-4
-1.113994E-3	-2.240000E-4
-1.116378E-3	-2.250000E-4
-1.118761E-3	-2.260000E-4
-1.127134E-3	-2.270000E-4
-1.124135E-3	-2.280000E-4
-1.128519E-3	-2.290000E-4
-1.140962E-3	-2.300000E-4
-1.141581E-3	-2.310000E-4
-1.149643E-3	-2.320000E-4
-1.158556E-3	-2.330000E-4
-1.157480E-3	-2.340000E-4
-1.162556E-3	-2.350000E-4
-1.169010E-3	-2.360000E-4
-1.167009E-3	-2.370000E-4
-1.171394E-3	-2.380000E-4
-1.174232E-3	-2.390000E-4
-1.178229E-3	-2.400000E-4
-1.194821E-3	-2.410000E-4
-1.201738E-3	-2.420000E-4
-1.197051E-3	-2.430000E-4
-1.205268E-3	-2.440000E-4
-1.217103E-3	-2.450000E-4
-1.211801E-3	-2.460000E-4
-1.213416E-3	-2.470000E-4
-1.226400E-3	-2.480000E-4
-1.225711E-3	-2.490000E-4
-1.233930E-3	-2.500000E-4
-1.237694E-3	-2.510000E-4
-1.244532E-3	-2.520000E-4
-1.242768E-3	-2.530000E-4
-1.250527E-3	-2.540000E-4
-1.247685E-3	-2.550000E-4
-1.256595E-3	-2.560000E-4
-1.261052E-3	-2.570000E-4
-1.263591E-3	-2.580000E-4
-1.266818E-3	-2.590000E-4
-1.272274E-3	-2.600000E-4
-1.277725E-3	-2.610000E-4
-1.274194E-3	-2.620000E-4
-1.283564E-3	-2.630000E-4
-1.287563E-3	-2.640000E-4
-1.296553E-3	-2.650000E-4
-1.300775E-3	-2.660000E-4
-1.304005E-3	-2.670000E-4
-1.309074E-3	-2.680000E-4
-1.315835E-3	-2.690000E-4
-1.320137E-3	-2.700000E-4
-1.323288E-3	-2.710000E-4
-1.329970E-3	-2.720000E-4
-1.332969E-3	-2.730000E-4
-1.337886E-3	-2.740000E-4
-1.341495E-3	-2.750000E-4
-1.350945E-3	-2.760000E-4
-1.349639E-3	-2.770000E-4
-1.356708E-3	-2.780000E-4
-1.359937E-3	-2.790000E-4
-1.360626E-3	-2.800000E-4
-1.364392E-3	-2.810000E-4
-1.372307E-3	-2.820000E-4
-1.371308E-3	-2.830000E-4
-1.382217E-3	-2.840000E-4
-1.388673E-3	-2.850000E-4
-1.393971E-3	-2.860000E-4
-1.399192E-3	-2.870000E-4
-1.404959E-3	-2.880000E-4
-1.406342E-3	-2.890000E-4
-1.406112E-3	-2.900000E-4
-1.416101E-3	-2.910000E-4
-1.416714E-3	-2.920000E-4
-1.419478E-3	-2.930000E-4
-1.427391E-3	-2.940000E-4
-1.429855E-3	-2.950000E-4
-1.433846E-3	-2.960000E-4
-1.441299E-3	-2.970000E-4
-1.443684E-3	-2.980000E-4
-1.447522E-3	-2.990000E-4
-1.442840E-3	-3.000000E-4
-1.451059E-3	-3.010000E-4
-1.465041E-3	-3.020000E-4
-1.466502E-3	-3.030000E-4
-1.467349E-3	-3.040000E-4
-1.470729E-3	-3.050000E-4
-1.482097E-3	-3.060000E-4
-1.484020E-3	-3.070000E-4
-1.489401E-3	-3.080000E-4
-1.493627E-3	-3.090000E-4
-1.495009E-3	-3.100000E-4
-1.498924E-3	-3.110000E-4
-1.502999E-3	-3.120000E-4
-1.509451E-3	-3.130000E-4
-1.516367E-3	-3.140000E-4
-1.520285E-3	-3.150000E-4
-1.518364E-3	-3.160000E-4
-1.522668E-3	-3.170000E-4
-1.530582E-3	-3.180000E-4
-1.535268E-3	-3.190000E-4
-1.541642E-3	-3.200000E-4
-1.544869E-3	-3.210000E-4
-1.543485E-3	-3.220000E-4
-1.558927E-3	-3.230000E-4
-1.554090E-3	-3.240000E-4
-1.558392E-3	-3.250000E-4
-1.562156E-3	-3.260000E-4
-1.569766E-3	-3.270000E-4
-1.565460E-3	-3.280000E-4
-1.577907E-3	-3.290000E-4
-1.577681E-3	-3.300000E-4
-1.582826E-3	-3.310000E-4
-1.593888E-3	-3.320000E-4
-1.598496E-3	-3.330000E-4
-1.607258E-3	-3.340000E-4
-1.602798E-3	-3.350000E-4
-1.614249E-3	-3.360000E-4
-1.616473E-3	-3.370000E-4
-1.622392E-3	-3.380000E-4
-1.623546E-3	-3.390000E-4
-1.634760E-3	-3.400000E-4
-1.624163E-3	-3.410000E-4
-1.629928E-3	-3.420000E-4
-1.641141E-3	-3.430000E-4
-1.649901E-3	-3.440000E-4
-1.648749E-3	-3.450000E-4
-1.653818E-3	-3.460000E-4
-1.658890E-3	-3.470000E-4
-1.660430E-3	-3.480000E-4
-1.668801E-3	-3.490000E-4
-1.677943E-3	-3.500000E-4
-1.677329E-3	-3.510000E-4
-1.679484E-3	-3.520000E-4
-1.685780E-3	-3.530000E-4
-1.687317E-3	-3.540000E-4
-1.689470E-3	-3.550000E-4
-1.707144E-3	-3.560000E-4
-1.706371E-3	-3.570000E-4
-1.710443E-3	-3.580000E-4
-1.713287E-3	-3.590000E-4
-1.713827E-3	-3.600000E-4
-1.724506E-3	-3.610000E-4
-1.727271E-3	-3.620000E-4
-1.735877E-3	-3.630000E-4
-1.738486E-3	-3.640000E-4
-1.744016E-3	-3.650000E-4
-1.747935E-3	-3.660000E-4
-1.751241E-3	-3.670000E-4
-1.761537E-3	-3.680000E-4
-1.761377E-3	-3.690000E-4
-1.763463E-3	-3.700000E-4
-1.770222E-3	-3.710000E-4
-1.773753E-3	-3.720000E-4
-1.783583E-3	-3.730000E-4
-1.779667E-3	-3.740000E-4
-1.783975E-3	-3.750000E-4
-1.797183E-3	-3.760000E-4
-1.802487E-3	-3.770000E-4
-1.808860E-3	-3.780000E-4
-1.807633E-3	-3.790000E-4
-1.806404E-3	-3.800000E-4
-1.813629E-3	-3.810000E-4
-1.819314E-3	-3.820000E-4
-1.822847E-3	-3.830000E-4
-1.831684E-3	-3.840000E-4
-1.833759E-3	-3.850000E-4
-1.842442E-3	-3.860000E-4
-1.844056E-3	-3.870000E-4
-1.849662E-3	-3.880000E-4
-1.855577E-3	-3.890000E-4
-1.853585E-3	-3.900000E-4
-1.859267E-3	-3.910000E-4
-1.866573E-3	-3.920000E-4
-1.872247E-3	-3.930000E-4
-1.871793E-3	-3.940000E-4
-1.881778E-3	-3.950000E-4
-1.881012E-3	-3.960000E-4
-1.883473E-3	-3.970000E-4
-1.894922E-3	-3.980000E-4
-1.897220E-3	-3.990000E-4
-1.902295E-3	-4.000000E-4
-1.908978E-3	-4.010000E-4
-1.917359E-3	-4.020000E-4
-1.917121E-3	-4.030000E-4
-1.924727E-3	-4.040000E-4
-1.927036E-3	-4.050000E-4
-1.934642E-3	-4.060000E-4
-1.939480E-3	-4.070000E-4
-1.940091E-3	-4.080000E-4
-1.952699E-3	-4.090000E-4
-1.953306E-3	-4.100000E-4
-1.956075E-3	-4.110000E-4
-1.955617E-3	-4.120000E-4
-1.956997E-3	-4.130000E-4
-1.964678E-3	-4.140000E-4
-1.973212E-3	-4.150000E-4
-1.975973E-3	-4.160000E-4
-1.990262E-3	-4.170000E-4
-1.989957E-3	-4.180000E-4
-1.990955E-3	-4.190000E-4
-1.999794E-3	-4.200000E-4
-1.999866E-3	-4.210000E-4
-2.008318E-3	-4.220000E-4
-2.009396E-3	-4.230000E-4
-2.015316E-3	-4.240000E-4
-2.011624E-3	-4.250000E-4
-2.024147E-3	-4.260000E-4
-2.021768E-3	-4.270000E-4
-2.031987E-3	-4.280000E-4
-2.033450E-3	-4.290000E-4
-2.039748E-3	-4.300000E-4
-2.049116E-3	-4.310000E-4
-2.051349E-3	-4.320000E-4
-2.052885E-3	-4.330000E-4
-2.064869E-3	-4.340000E-4
-2.059498E-3	-4.350000E-4
-2.062184E-3	-4.360000E-4
-2.072786E-3	-4.370000E-4
-2.074704E-3	-4.380000E-4
-2.085691E-3	-4.390000E-4
-2.089306E-3	-4.400000E-4
-2.084927E-3	-4.410000E-4
-2.099676E-3	-4.420000E-4
-2.099065E-3	-4.430000E-4
-2.105820E-3	-4.440000E-4
-2.109819E-3	-4.450000E-4
-2.109432E-3	-4.460000E-4
-2.116351E-3	-4.470000E-4
-2.126334E-3	-4.480000E-4
-2.123574E-3	-4.490000E-4
-2.129022E-3	-4.500000E-4
-2.142089E-3	-4.510000E-4
-2.137551E-3	-4.520000E-4
-2.146155E-3	-4.530000E-4
-2.151999E-3	-4.540000E-4
-2.156681E-3	-4.550000E-4
-2.157759E-3	-4.560000E-4
-2.160372E-3	-4.570000E-4
-2.167828E-3	-4.580000E-4
-2.167135E-3	-4.590000E-4
-2.172585E-3	-4.600000E-4
-2.184038E-3	-4.610000E-4
-2.188876E-3	-4.620000E-4
-2.186114E-3	-4.630000E-4
-2.198096E-3	-4.640000E-4
-2.193175E-3	-4.650000E-4
-2.207933E-3	-4.660000E-4
-2.213992E-3	-4.670000E-4
-2.223521E-3	-4.680000E-4
-2.216842E-3	-4.690000E-4
-2.222916E-3	-4.700000E-4
-2.225222E-3	-4.710000E-4
-2.227447E-3	-4.720000E-4
-2.242884E-3	-4.730000E-4
-2.236278E-3	-4.740000E-4
-2.239282E-3	-4.750000E-4
-2.245892E-3	-4.760000E-4
-2.256029E-3	-4.770000E-4
-2.258110E-3	-4.780000E-4
-2.262406E-3	-4.790000E-4
-2.259107E-3	-4.800000E-4
-2.270313E-3	-4.810000E-4
-2.270015E-3	-4.820000E-4
-2.279616E-3	-4.830000E-4
-2.286685E-3	-4.840000E-4
-2.289218E-3	-4.850000E-4
-2.295366E-3	-4.860000E-4
-2.296216E-3	-4.870000E-4
-2.303201E-3	-4.880000E-4
-2.311347E-3	-4.890000E-4
-2.314265E-3	-4.900000E-4
-2.313586E-3	-4.910000E-4
-2.320026E-3	-4.920000E-4
-2.331326E-3	-4.930000E-4
-2.327564E-3	-4.940000E-4
-2.341926E-3	-4.950000E-4
-2.342314E-3	-4.960000E-4
-2.346077E-3	-4.970000E-4
-2.349456E-3	-4.980000E-4
-2.358212E-3	-4.990000E-4
-2.353149E-3	-5.000000E-4
-2.357296E-3	-5.010000E-4
-2.369356E-3	-5.020000E-4
-2.372890E-3	-5.030000E-4
-2.381027E-3	-5.040000E-4
-2.380880E-3	-5.050000E-4
-2.393860E-3	-5.060000E-4
-2.394171E-3	-5.070000E-4
-2.392942E-3	-5.080000E-4
-2.403772E-3	-5.090000E-4
-2.410841E-3	-5.100000E-4
-2.409306E-3	-5.110000E-4
-2.412615E-3	-5.120000E-4
-2.416224E-3	-5.130000E-4
-2.416998E-3	-5.140000E-4
-2.423751E-3	-5.150000E-4
-2.429744E-3	-5.160000E-4
-2.438658E-3	-5.170000E-4
-2.440886E-3	-5.180000E-4
-2.444577E-3	-5.190000E-4
-2.448416E-3	-5.200000E-4
-2.450489E-3	-5.210000E-4
-2.461476E-3	-5.220000E-4
-2.467465E-3	-5.230000E-4
-2.469621E-3	-5.240000E-4
-2.471313E-3	-5.250000E-4
-2.470165E-3	-5.260000E-4
-2.476154E-3	-5.270000E-4
-2.484448E-3	-5.280000E-4
-2.493518E-3	-5.290000E-4
-2.495670E-3	-5.300000E-4
-2.497893E-3	-5.310000E-4
-2.498587E-3	-5.320000E-4
-2.505268E-3	-5.330000E-4
-2.511652E-3	-5.340000E-4
-2.516107E-3	-5.350000E-4
-2.519099E-3	-5.360000E-4
-2.525094E-3	-5.370000E-4
-2.531161E-3	-5.380000E-4
-2.534087E-3	-5.390000E-4
-2.538768E-3	-5.400000E-4
-2.541388E-3	-5.410000E-4
-2.546376E-3	-5.420000E-4
-2.548532E-3	-5.430000E-4
-2.550448E-3	-5.440000E-4
-2.555445E-3	-5.450000E-4
-2.565739E-3	-5.460000E-4
-2.565428E-3	-5.470000E-4
-2.576109E-3	-5.480000E-4
-2.578108E-3	-5.490000E-4
-2.583098E-3	-5.500000E-4
-2.587324E-3	-5.510000E-4
-2.590479E-3	-5.520000E-4
-2.595471E-3	-5.530000E-4
-2.598699E-3	-5.540000E-4
-2.607532E-3	-5.550000E-4
-2.608921E-3	-5.560000E-4
-2.610762E-3	-5.570000E-4
-2.608155E-3	-5.580000E-4
-2.622975E-3	-5.590000E-4
-2.627433E-3	-5.600000E-4
-2.627974E-3	-5.610000E-4
-2.632124E-3	-5.620000E-4
-2.637191E-3	-5.630000E-4
-2.648873E-3	-5.640000E-4
-2.647869E-3	-5.650000E-4
-2.655867E-3	-5.660000E-4
-2.646265E-3	-5.670000E-4
-2.655792E-3	-5.680000E-4
-2.669304E-3	-5.690000E-4
-2.667080E-3	-5.700000E-4
-2.669852E-3	-5.710000E-4
-2.672462E-3	-5.720000E-4
-2.679304E-3	-5.730000E-4
-2.685517E-3	-5.740000E-4
-2.690667E-3	-5.750000E-4
-2.700807E-3	-5.760000E-4
-2.699808E-3	-5.770000E-4
-2.702497E-3	-5.780000E-4
-2.709264E-3	-5.790000E-4
-2.714096E-3	-5.800000E-4
-2.715790E-3	-5.810000E-4
-2.726702E-3	-5.820000E-4
-2.732623E-3	-5.830000E-4
-2.727396E-3	-5.840000E-4
-2.743680E-3	-5.850000E-4
-2.738765E-3	-5.860000E-4
-2.745831E-3	-5.870000E-4
-2.747064E-3	-5.880000E-4
-2.747224E-3	-5.890000E-4
-2.755280E-3	-5.900000E-4
-2.759739E-3	-5.910000E-4
-2.768492E-3	-5.920000E-4
-2.770343E-3	-5.930000E-4
-2.779792E-3	-5.940000E-4
-2.782098E-3	-5.950000E-4
-2.793382E-3	-5.960000E-4
-2.784173E-3	-5.970000E-4
-2.793618E-3	-5.980000E-4
-2.790702E-3	-5.990000E-4
-2.801843E-3	-6.000000E-4
-2.811597E-3	-6.010000E-4
-2.814745E-3	-6.020000E-4
-2.807071E-3	-6.030000E-4
-2.821205E-3	-6.040000E-4
-2.824052E-3	-6.050000E-4
-2.820742E-3	-6.060000E-4
-2.832884E-3	-6.070000E-4
-2.831041E-3	-6.080000E-4
-2.835650E-3	-6.090000E-4
-2.837193E-3	-6.100000E-4
-2.841566E-3	-6.110000E-4
-2.848790E-3	-6.120000E-4
-2.850639E-3	-6.130000E-4
-2.851787E-3	-6.140000E-4
-2.857013E-3	-6.150000E-4
-2.864542E-3	-6.160000E-4
-2.863927E-3	-6.170000E-4
-2.863009E-3	-6.180000E-4
-2.866307E-3	-6.190000E-4
-2.876600E-3	-6.200000E-4
-2.880821E-3	-6.210000E-4
-2.889509E-3	-6.220000E-4
-2.886966E-3	-6.230000E-4
-2.890275E-3	-6.240000E-4
-2.894274E-3	-6.250000E-4
-2.895810E-3	-6.260000E-4
-2.904111E-3	-6.270000E-4
-2.906409E-3	-6.280000E-4
-2.903420E-3	-6.290000E-4
-2.907875E-3	-6.300000E-4
-2.911872E-3	-6.310000E-4
-2.915327E-3	-6.320000E-4
-2.915944E-3	-6.330000E-4
-2.914637E-3	-6.340000E-4
-2.926537E-3	-6.350000E-4
-2.921694E-3	-6.360000E-4
-2.926612E-3	-6.370000E-4
-2.928379E-3	-6.380000E-4
-2.930155E-3	-6.390000E-4
-2.927535E-3	-6.400000E-4
-2.932760E-3	-6.410000E-4
-2.933840E-3	-6.420000E-4
-2.933464E-3	-6.430000E-4
-2.937220E-3	-6.440000E-4
-2.932683E-3	-6.450000E-4
-2.937524E-3	-6.460000E-4
-2.941985E-3	-6.470000E-4
-2.942141E-3	-6.480000E-4
-2.940985E-3	-6.490000E-4
-2.936833E-3	-6.500000E-4
-2.943056E-3	-6.510000E-4
-2.940983E-3	-6.520000E-4
-2.944750E-3	-6.530000E-4
-2.946066E-3	-6.540000E-4
-2.947673E-3	-6.550000E-4
-2.942759E-3	-6.560000E-4
-2.949591E-3	-6.570000E-4
-2.949980E-3	-6.580000E-4
-2.947286E-3	-6.590000E-4
-2.944832E-3	-6.600000E-4
-2.957799E-3	-6.610000E-4
-2.946524E-3	-6.620000E-4
-2.953588E-3	-6.630000E-4
-2.949750E-3	-6.640000E-4
-2.953428E-3	-6.650000E-4
-2.947669E-3	-6.660000E-4
-2.949906E-3	-6.670000E-4
-2.952899E-3	-6.680000E-4
-2.956660E-3	-6.690000E-4
-2.959494E-3	-6.700000E-4
-2.955661E-3	-6.710000E-4
-2.954584E-3	-6.720000E-4
-2.958355E-3	-6.730000E-4
-2.955353E-3	-6.740000E-4
-2.954511E-3	-6.750000E-4
-2.958118E-3	-6.760000E-4
-2.959805E-3	-6.770000E-4
-2.963267E-3	-6.780000E-4
-2.956280E-3	-6.790000E-4
-2.961732E-3	-6.800000E-4
-2.959278E-3	-6.810000E-4
-2.961579E-3	-6.820000E-4
-2.967106E-3	-6.830000E-4
-2.967727E-3	-6.840000E-4
-2.965413E-3	-6.850000E-4
-2.963724E-3	-6.860000E-4
-2.967799E-3	-6.870000E-4
-2.964496E-3	-6.880000E-4
-2.965418E-3	-6.890000E-4
-2.971570E-3	-6.900000E-4
-2.962421E-3	-6.910000E-4
-2.975935E-3	-6.920000E-4
-2.967419E-3	-6.930000E-4
-2.969185E-3	-6.940000E-4
-2.976784E-3	-6.950000E-4
-2.965037E-3	-6.960000E-4
-2.970487E-3	-6.970000E-4
-2.966495E-3	-6.980000E-4
-2.977786E-3	-6.990000E-4
-2.971872E-3	-7.000000E-4
-2.972562E-3	-7.010000E-4
-2.976094E-3	-7.020000E-4
-2.975636E-3	-7.030000E-4
-2.972870E-3	-7.040000E-4
-2.975944E-3	-7.050000E-4
-2.972028E-3	-7.060000E-4
-2.974944E-3	-7.070000E-4
-2.978553E-3	-7.080000E-4
-2.977558E-3	-7.090000E-4
-2.972566E-3	-7.100000E-4
-2.980778E-3	-7.110000E-4
-2.979783E-3	-7.120000E-4
-2.974944E-3	-7.130000E-4
-2.979479E-3	-7.140000E-4
-2.973646E-3	-7.150000E-4
-2.978175E-3	-7.160000E-4
-2.973561E-3	-7.170000E-4
-2.980858E-3	-7.180000E-4
-2.987467E-3	-7.190000E-4
-2.982857E-3	-7.200000E-4
-2.983702E-3	-7.210000E-4
-2.984768E-3	-7.220000E-4
-2.982162E-3	-7.230000E-4
-2.992146E-3	-7.240000E-4
-2.980396E-3	-7.250000E-4
-2.979094E-3	-7.260000E-4
-2.984787E-3	-7.270000E-4
-2.980709E-3	-7.280000E-4
-2.982934E-3	-7.290000E-4
-2.984925E-3	-7.300000E-4
-2.983859E-3	-7.310000E-4
-2.985618E-3	-7.320000E-4
-2.979948E-3	-7.330000E-4
-2.982634E-3	-7.340000E-4
-2.984538E-3	-7.350000E-4
-2.980937E-3	-7.360000E-4
-2.988158E-3	-7.370000E-4
-2.987466E-3	-7.380000E-4
-2.980860E-3	-7.390000E-4
-2.990920E-3	-7.400000E-4
-2.988774E-3	-7.410000E-4
-2.988388E-3	-7.420000E-4
-2.988237E-3	-7.430000E-4
-2.982867E-3	-7.440000E-4
-2.990993E-3	-7.450000E-4
-2.981791E-3	-7.460000E-4
-2.987704E-3	-7.470000E-4
-2.995458E-3	-7.480000E-4
-2.989314E-3	-7.490000E-4
-2.991233E-3	-7.500000E-4
-2.992616E-3	-7.510000E-4
-2.988850E-3	-7.520000E-4
-2.988699E-3	-7.530000E-4
-2.992234E-3	-7.540000E-4
-2.987705E-3	-7.550000E-4
-2.988241E-3	-7.560000E-4
-2.991928E-3	-7.570000E-4
-2.987703E-3	-7.580000E-4
-2.992848E-3	-7.590000E-4
-2.996919E-3	-7.600000E-4
-2.988318E-3	-7.610000E-4
-2.994000E-3	-7.620000E-4
-2.996151E-3	-7.630000E-4
-2.994071E-3	-7.640000E-4
-2.996686E-3	-7.650000E-4
-3.001760E-3	-7.660000E-4
-2.992771E-3	-7.670000E-4
-2.995385E-3	-7.680000E-4
-3.000143E-3	-7.690000E-4
-2.998837E-3	-7.700000E-4
-3.003059E-3	-7.710000E-4
-2.993304E-3	-7.720000E-4
-3.003908E-3	-7.730000E-4
-2.993465E-3	-7.740000E-4
-3.000908E-3	-7.750000E-4
-3.003598E-3	-7.760000E-4
-2.999606E-3	-7.770000E-4
-2.995314E-3	-7.780000E-4
-2.996921E-3	-7.790000E-4
-2.998692E-3	-7.800000E-4
-3.007518E-3	-7.810000E-4
-3.002761E-3	-7.820000E-4
-3.000770E-3	-7.830000E-4
-3.006750E-3	-7.840000E-4
-2.997688E-3	-7.850000E-4
-3.002686E-3	-7.860000E-4
-2.999452E-3	-7.870000E-4
-3.005370E-3	-7.880000E-4
-3.005211E-3	-7.890000E-4
-3.007673E-3	-7.900000E-4
-3.004523E-3	-7.910000E-4
-3.003678E-3	-7.920000E-4
-3.001756E-3	-7.930000E-4
-3.005297E-3	-7.940000E-4
-3.002912E-3	-7.950000E-4
-3.012432E-3	-7.960000E-4
-3.008901E-3	-7.970000E-4
-3.007529E-3	-7.980000E-4
-3.008520E-3	-7.990000E-4
-3.004226E-3	-8.000000E-4
-3.010288E-3	-8.010000E-4
-3.012129E-3	-8.020000E-4
-3.011516E-3	-8.030000E-4
-3.010368E-3	-8.040000E-4
-3.008835E-3	-8.050000E-4
-3.012442E-3	-8.060000E-4
-3.011982E-3	-8.070000E-4
-3.022117E-3	-8.080000E-4
-3.010137E-3	-8.090000E-4
-3.017357E-3	-8.100000E-4
-3.017360E-3	-8.110000E-4
-3.018894E-3	-8.120000E-4
-3.006835E-3	-8.130000E-4
-3.019881E-3	-8.140000E-4
-3.017661E-3	-8.150000E-4
-3.021896E-3	-8.160000E-4
-3.021815E-3	-8.170000E-4
-3.015281E-3	-8.180000E-4
-3.025193E-3	-8.190000E-4
-3.023273E-3	-8.200000E-4
-3.018126E-3	-8.210000E-4
-3.017434E-3	-8.220000E-4
-3.018505E-3	-8.230000E-4
-3.028265E-3	-8.240000E-4
-3.028650E-3	-8.250000E-4
-3.031101E-3	-8.260000E-4
-3.029037E-3	-8.270000E-4
-3.028416E-3	-8.280000E-4
-3.028650E-3	-8.290000E-4
-3.028186E-3	-8.300000E-4
-3.035336E-3	-8.310000E-4
-3.029107E-3	-8.320000E-4
-3.028040E-3	-8.330000E-4
-3.036330E-3	-8.340000E-4
-3.036947E-3	-8.350000E-4
-3.034030E-3	-8.360000E-4
-3.040708E-3	-8.370000E-4
-3.032502E-3	-8.380000E-4
-3.036178E-3	-8.390000E-4
-3.038105E-3	-8.400000E-4
-3.036026E-3	-8.410000E-4
-3.041486E-3	-8.420000E-4
-3.042942E-3	-8.430000E-4
-3.042790E-3	-8.440000E-4
-3.047398E-3	-8.450000E-4
-3.046171E-3	-8.460000E-4
-3.052085E-3	-8.470000E-4
-3.050018E-3	-8.480000E-4
-3.056776E-3	-8.490000E-4
-3.059071E-3	-8.500000E-4
-3.058852E-3	-8.510000E-4
-3.062157E-3	-8.520000E-4
-3.068764E-3	-8.530000E-4
-3.071604E-3	-8.540000E-4
-3.076976E-3	-8.550000E-4
-3.079590E-3	-8.560000E-4
-3.082131E-3	-8.570000E-4
-3.091428E-3	-8.580000E-4
-3.093571E-3	-8.590000E-4
-3.102262E-3	-8.600000E-4
-3.100883E-3	-8.610000E-4
-3.110163E-3	-8.620000E-4
-3.116314E-3	-8.630000E-4
-3.126303E-3	-8.640000E-4
-3.127838E-3	-8.650000E-4
-3.131754E-3	-8.660000E-4
-3.129455E-3	-8.670000E-4
-3.135915E-3	-8.680000E-4
-3.143207E-3	-8.690000E-4
-3.144441E-3	-8.700000E-4
-3.156039E-3	-8.710000E-4
-3.160731E-3	-8.720000E-4
-3.164645E-3	-8.730000E-4
-3.173021E-3	-8.740000E-4
-3.174785E-3	-8.750000E-4
-3.176631E-3	-8.760000E-4
-3.182002E-3	-8.770000E-4
-3.183936E-3	-8.780000E-4
-3.194069E-3	-8.790000E-4
-3.194300E-3	-8.800000E-4
-3.200979E-3	-8.810000E-4
-3.200453E-3	-8.820000E-4
-3.209286E-3	-8.830000E-4
-3.206980E-3	-8.840000E-4
-3.226188E-3	-8.850000E-4
-3.223651E-3	-8.860000E-4
-3.227331E-3	-8.870000E-4
-3.223581E-3	-8.880000E-4
-3.228109E-3	-8.890000E-4
-3.238634E-3	-8.900000E-4
-3.241403E-3	-8.910000E-4
-3.246168E-3	-8.920000E-4
-3.251157E-3	-8.930000E-4
-3.253394E-3	-8.940000E-4
-3.254015E-3	-8.950000E-4
-3.264376E-3	-8.960000E-4
-3.260764E-3	-8.970000E-4
-3.270131E-3	-8.980000E-4
-3.266227E-3	-8.990000E-4
-3.271750E-3	-9.000000E-4
-3.276129E-3	-9.010000E-4
-3.286037E-3	-9.020000E-4
-3.290262E-3	-9.030000E-4
-3.293415E-3	-9.040000E-4
-3.293190E-3	-9.050000E-4
-3.296338E-3	-9.060000E-4
-3.304250E-3	-9.070000E-4
-3.305709E-3	-9.080000E-4
-3.311388E-3	-9.090000E-4
-3.311168E-3	-9.100000E-4
-3.321919E-3	-9.110000E-4
-3.318619E-3	-9.120000E-4
-3.330063E-3	-9.130000E-4
-3.326150E-3	-9.140000E-4
-3.334983E-3	-9.150000E-4
-3.335978E-3	-9.160000E-4
-3.340591E-3	-9.170000E-4
-3.343517E-3	-9.180000E-4
-3.346574E-3	-9.190000E-4
-3.352812E-3	-9.200000E-4
-3.352578E-3	-9.210000E-4
-3.361566E-3	-9.220000E-4
-3.365941E-3	-9.230000E-4
-3.370234E-3	-9.240000E-4
-3.376615E-3	-9.250000E-4
-3.374854E-3	-9.260000E-4
-3.376545E-3	-9.270000E-4
-3.382466E-3	-9.280000E-4
-3.389059E-3	-9.290000E-4
-3.392764E-3	-9.300000E-4
-3.388306E-3	-9.310000E-4
-3.395601E-3	-9.320000E-4
-3.395757E-3	-9.330000E-4
-3.410578E-3	-9.340000E-4
-3.407201E-3	-9.350000E-4
-3.404903E-3	-9.360000E-4
-3.407824E-3	-9.370000E-4
-3.423334E-3	-9.380000E-4
-3.420421E-3	-9.390000E-4
-3.423334E-3	-9.400000E-4
-3.431258E-3	-9.410000E-4
-3.434469E-3	-9.420000E-4
-3.434558E-3	-9.430000E-4
-3.433103E-3	-9.440000E-4
-3.438169E-3	-9.450000E-4
-3.434183E-3	-9.460000E-4
-3.447006E-3	-9.470000E-4
-3.456768E-3	-9.480000E-4
-3.457915E-3	-9.490000E-4
-3.459680E-3	-9.500000E-4
-3.461528E-3	-9.510000E-4
-3.467219E-3	-9.520000E-4
-3.473048E-3	-9.530000E-4
-3.477733E-3	-9.540000E-4
-3.477044E-3	-9.550000E-4
-3.484114E-3	-9.560000E-4
-3.486869E-3	-9.570000E-4
-3.489952E-3	-9.580000E-4
-3.492182E-3	-9.590000E-4
-3.493803E-3	-9.600000E-4
-3.497789E-3	-9.610000E-4
-3.497102E-3	-9.620000E-4
-3.510618E-3	-9.630000E-4
-3.510538E-3	-9.640000E-4
-3.514382E-3	-9.650000E-4
-3.520838E-3	-9.660000E-4
-3.519914E-3	-9.670000E-4
-3.526604E-3	-9.680000E-4
-3.531602E-3	-9.690000E-4
-3.533284E-3	-9.700000E-4
-3.538199E-3	-9.710000E-4
-3.541809E-3	-9.720000E-4
-3.544120E-3	-9.730000E-4
-3.542659E-3	-9.740000E-4
-3.550417E-3	-9.750000E-4
-3.555714E-3	-9.760000E-4
-3.553031E-3	-9.770000E-4
-3.556569E-3	-9.780000E-4
-3.568627E-3	-9.790000E-4
-3.572619E-3	-9.800000E-4
-3.570246E-3	-9.810000E-4
-3.569245E-3	-9.820000E-4
-3.580297E-3	-9.830000E-4
-3.580767E-3	-9.840000E-4
-3.582838E-3	-9.850000E-4
-3.590983E-3	-9.860001E-4
-3.589831E-3	-9.869999E-4
-3.594980E-3	-9.880000E-4
-3.598596E-3	-9.890000E-4
-3.605196E-3	-9.900000E-4
-3.610960E-3	-9.910000E-4
-3.612721E-3	-9.920000E-4
-3.618181E-3	-9.930000E-4
-3.607596E-3	-9.940000E-4
-3.617575E-3	-9.950000E-4
-3.617272E-3	-9.960000E-4
-3.626561E-3	-9.970000E-4
-3.629485E-3	-9.980000E-4
-3.626249E-3	-9.990000E-4
-3.640703E-3	-1.000000E-3
