Meas. Voltage (V)	Meas. Current (A)	6/1/2026 2:17:43 PM
3.451562E-3	1.000000E-3
3.458013E-3	9.990000E-4
3.446257E-3	9.980000E-4
3.443646E-3	9.970000E-4
3.441034E-3	9.960000E-4
3.430047E-3	9.950000E-4
3.433971E-3	9.940000E-4
3.426355E-3	9.930000E-4
3.424132E-3	9.920000E-4
3.416517E-3	9.910000E-4
3.417138E-3	9.900000E-4
3.416677E-3	9.890000E-4
3.414219E-3	9.880000E-4
3.411768E-3	9.869999E-4
3.408230E-3	9.860001E-4
3.401087E-3	9.850000E-4
3.400923E-3	9.840000E-4
3.396555E-3	9.830000E-4
3.391560E-3	9.820000E-4
3.392783E-3	9.810000E-4
3.389407E-3	9.800000E-4
3.388715E-3	9.790000E-4
3.389193E-3	9.780000E-4
3.376339E-3	9.770000E-4
3.373190E-3	9.760000E-4
3.365586E-3	9.750000E-4
3.366885E-3	9.740000E-4
3.366590E-3	9.730000E-4
3.354681E-3	9.720000E-4
3.353137E-3	9.710000E-4
3.353060E-3	9.700000E-4
3.343146E-3	9.690000E-4
3.341534E-3	9.680000E-4
3.339699E-3	9.670000E-4
3.337156E-3	9.660000E-4
3.335478E-3	9.650000E-4
3.331854E-3	9.640000E-4
3.319798E-3	9.630000E-4
3.321174E-3	9.620000E-4
3.315102E-3	9.610000E-4
3.313028E-3	9.600000E-4
3.311117E-3	9.590000E-4
3.305810E-3	9.580000E-4
3.301968E-3	9.570000E-4
3.303435E-3	9.560000E-4
3.288755E-3	9.550000E-4
3.292209E-3	9.540000E-4
3.284606E-3	9.530000E-4
3.283919E-3	9.520000E-4
3.284378E-3	9.510000E-4
3.278763E-3	9.500000E-4
3.273393E-3	9.490000E-4
3.275618E-3	9.480000E-4
3.273319E-3	9.470000E-4
3.275475E-3	9.460000E-4
3.260097E-3	9.450000E-4
3.261181E-3	9.440000E-4
3.262028E-3	9.430000E-4
3.247735E-3	9.420000E-4
3.249732E-3	9.410000E-4
3.247117E-3	9.400000E-4
3.237282E-3	9.390000E-4
3.234514E-3	9.380000E-4
3.231443E-3	9.370000E-4
3.231439E-3	9.360000E-4
3.227916E-3	9.350000E-4
3.220839E-3	9.340000E-4
3.221920E-3	9.330000E-4
3.219926E-3	9.320000E-4
3.211623E-3	9.310000E-4
3.204088E-3	9.300000E-4
3.207165E-3	9.290000E-4
3.197865E-3	9.280000E-4
3.197563E-3	9.270000E-4
3.186028E-3	9.260000E-4
3.192886E-3	9.250000E-4
3.185501E-3	9.240000E-4
3.184428E-3	9.230000E-4
3.185888E-3	9.220000E-4
3.180134E-3	9.210000E-4
3.169293E-3	9.200000E-4
3.171453E-3	9.190000E-4
3.161442E-3	9.180000E-4
3.162677E-3	9.170000E-4
3.155923E-3	9.160000E-4
3.151698E-3	9.150000E-4
3.150386E-3	9.140000E-4
3.147621E-3	9.130000E-4
3.143160E-3	9.120000E-4
3.137172E-3	9.110000E-4
3.133018E-3	9.100000E-4
3.132949E-3	9.090000E-4
3.127645E-3	9.080000E-4
3.121493E-3	9.070000E-4
3.119581E-3	9.060000E-4
3.114423E-3	9.050000E-4
3.109508E-3	9.040000E-4
3.111355E-3	9.030000E-4
3.104827E-3	9.020000E-4
3.097296E-3	9.010000E-4
3.097296E-3	9.000000E-4
3.095761E-3	8.990000E-4
3.090612E-3	8.980000E-4
3.087773E-3	8.970000E-4
3.081935E-3	8.960000E-4
3.078548E-3	8.950000E-4
3.070182E-3	8.940000E-4
3.079789E-3	8.930000E-4
3.072022E-3	8.920000E-4
3.067188E-3	8.910000E-4
3.060651E-3	8.900000E-4
3.063191E-3	8.890000E-4
3.054511E-3	8.880000E-4
3.052743E-3	8.870000E-4
3.044141E-3	8.860000E-4
3.039222E-3	8.850000E-4
3.029221E-3	8.840000E-4
3.036684E-3	8.830000E-4
3.028152E-3	8.820000E-4
3.029618E-3	8.810000E-4
3.021387E-3	8.800000E-4
3.018864E-3	8.790000E-4
3.011324E-3	8.780000E-4
3.004414E-3	8.770000E-4
3.007571E-3	8.760000E-4
3.002039E-3	8.750000E-4
3.000267E-3	8.740000E-4
2.999269E-3	8.730000E-4
2.988360E-3	8.720000E-4
2.985515E-3	8.710000E-4
2.980368E-3	8.700000E-4
2.975828E-3	8.690000E-4
2.974069E-3	8.680000E-4
2.965989E-3	8.670000E-4
2.959079E-3	8.660000E-4
2.960155E-3	8.650000E-4
2.959074E-3	8.640000E-4
2.953404E-3	8.630000E-4
2.945483E-3	8.620000E-4
2.941170E-3	8.610000E-4
2.933651E-3	8.600000E-4
2.924655E-3	8.590000E-4
2.924423E-3	8.580000E-4
2.913600E-3	8.570000E-4
2.918056E-3	8.560000E-4
2.911751E-3	8.550000E-4
2.903070E-3	8.540000E-4
2.898456E-3	8.530000E-4
2.898383E-3	8.520000E-4
2.890009E-3	8.510000E-4
2.883786E-3	8.500000E-4
2.883021E-3	8.490000E-4
2.882866E-3	8.480000E-4
2.873649E-3	8.470000E-4
2.873190E-3	8.460000E-4
2.858125E-3	8.450000E-4
2.868271E-3	8.440000E-4
2.858588E-3	8.430000E-4
2.854053E-3	8.420000E-4
2.853824E-3	8.410000E-4
2.848217E-3	8.400000E-4
2.848909E-3	8.390000E-4
2.842995E-3	8.380000E-4
2.841997E-3	8.370000E-4
2.837921E-3	8.360000E-4
2.838159E-3	8.350000E-4
2.831925E-3	8.340000E-4
2.827083E-3	8.330000E-4
2.834548E-3	8.320000E-4
2.825863E-3	8.310000E-4
2.828247E-3	8.300000E-4
2.828168E-3	8.290000E-4
2.822409E-3	8.280000E-4
2.817861E-3	8.270000E-4
2.820326E-3	8.260000E-4
2.817323E-3	8.250000E-4
2.824562E-3	8.240000E-4
2.818868E-3	8.230000E-4
2.816254E-3	8.220000E-4
2.815109E-3	8.210000E-4
2.816247E-3	8.200000E-4
2.808722E-3	8.190000E-4
2.811408E-3	8.180000E-4
2.813029E-3	8.170000E-4
2.807799E-3	8.160000E-4
2.805881E-3	8.150000E-4
2.809039E-3	8.140000E-4
2.805116E-3	8.130000E-4
2.806568E-3	8.120000E-4
2.801044E-3	8.110000E-4
2.807725E-3	8.100000E-4
2.800967E-3	8.090000E-4
2.805186E-3	8.080000E-4
2.802041E-3	8.070000E-4
2.801040E-3	8.060000E-4
2.798277E-3	8.050000E-4
2.805351E-3	8.040000E-4
2.802887E-3	8.030000E-4
2.797730E-3	8.020000E-4
2.798881E-3	8.010000E-4
2.796812E-3	8.000000E-4
2.794508E-3	7.990000E-4
2.795436E-3	7.980000E-4
2.794823E-3	7.970000E-4
2.794051E-3	7.960000E-4
2.792821E-3	7.950000E-4
2.797665E-3	7.940000E-4
2.793900E-3	7.930000E-4
2.796278E-3	7.920000E-4
2.792742E-3	7.910000E-4
2.796130E-3	7.900000E-4
2.792510E-3	7.890000E-4
2.788057E-3	7.880000E-4
2.795508E-3	7.870000E-4
2.786900E-3	7.860000E-4
2.792425E-3	7.850000E-4
2.787596E-3	7.840000E-4
2.793747E-3	7.830000E-4
2.789592E-3	7.820000E-4
2.792598E-3	7.810000E-4
2.791825E-3	7.800000E-4
2.786596E-3	7.790000E-4
2.786833E-3	7.780000E-4
2.788058E-3	7.770000E-4
2.790821E-3	7.760000E-4
2.787982E-3	7.750000E-4
2.793433E-3	7.740000E-4
2.787061E-3	7.730000E-4
2.787212E-3	7.720000E-4
2.790211E-3	7.710000E-4
2.782376E-3	7.700000E-4
2.783215E-3	7.690000E-4
2.787142E-3	7.680000E-4
2.781681E-3	7.670000E-4
2.784218E-3	7.660000E-4
2.782064E-3	7.650000E-4
2.785140E-3	7.640000E-4
2.779836E-3	7.630000E-4
2.777071E-3	7.620000E-4
2.776922E-3	7.610000E-4
2.777838E-3	7.600000E-4
2.778226E-3	7.590000E-4
2.779376E-3	7.580000E-4
2.774228E-3	7.570000E-4
2.781453E-3	7.560000E-4
2.775532E-3	7.550000E-4
2.772925E-3	7.540000E-4
2.772772E-3	7.530000E-4
2.770310E-3	7.520000E-4
2.773077E-3	7.510000E-4
2.775150E-3	7.500000E-4
2.774460E-3	7.490000E-4
2.775535E-3	7.480000E-4
2.770847E-3	7.470000E-4
2.771072E-3	7.460000E-4
2.770850E-3	7.450000E-4
2.771152E-3	7.440000E-4
2.770540E-3	7.430000E-4
2.768995E-3	7.420000E-4
2.768323E-3	7.410000E-4
2.766781E-3	7.400000E-4
2.765780E-3	7.390000E-4
2.767467E-3	7.380000E-4
2.769389E-3	7.370000E-4
2.770459E-3	7.360000E-4
2.767003E-3	7.350000E-4
2.771702E-3	7.340000E-4
2.763173E-3	7.330000E-4
2.768693E-3	7.320000E-4
2.765161E-3	7.310000E-4
2.772855E-3	7.300000E-4
2.768782E-3	7.290000E-4
2.769856E-3	7.280000E-4
2.757321E-3	7.270000E-4
2.766935E-3	7.260000E-4
2.762012E-3	7.250000E-4
2.764238E-3	7.240000E-4
2.766627E-3	7.230000E-4
2.765466E-3	7.220000E-4
2.763700E-3	7.210000E-4
2.763704E-3	7.200000E-4
2.765554E-3	7.190000E-4
2.763938E-3	7.180000E-4
2.761860E-3	7.170000E-4
2.764625E-3	7.160000E-4
2.761095E-3	7.150000E-4
2.760937E-3	7.140000E-4
2.763395E-3	7.130000E-4
2.763317E-3	7.120000E-4
2.758170E-3	7.110000E-4
2.761863E-3	7.100000E-4
2.758401E-3	7.090000E-4
2.759329E-3	7.080000E-4
2.761009E-3	7.070000E-4
2.762020E-3	7.060000E-4
2.760326E-3	7.050000E-4
2.753634E-3	7.040000E-4
2.759945E-3	7.030000E-4
2.752107E-3	7.020000E-4
2.757711E-3	7.010000E-4
2.754640E-3	7.000000E-4
2.753410E-3	6.990000E-4
2.757790E-3	6.980000E-4
2.758869E-3	6.970000E-4
2.753255E-3	6.960000E-4
2.761863E-3	6.950000E-4
2.752495E-3	6.940000E-4
2.753413E-3	6.930000E-4
2.760866E-3	6.920000E-4
2.753486E-3	6.910000E-4
2.750106E-3	6.900000E-4
2.748181E-3	6.890000E-4
2.748727E-3	6.880000E-4
2.754018E-3	6.870000E-4
2.745428E-3	6.860000E-4
2.749415E-3	6.850000E-4
2.748412E-3	6.840000E-4
2.745568E-3	6.830000E-4
2.745344E-3	6.820000E-4
2.745959E-3	6.810000E-4
2.747414E-3	6.800000E-4
2.738418E-3	6.790000E-4
2.746033E-3	6.780000E-4
2.744043E-3	6.770000E-4
2.739044E-3	6.760000E-4
2.748421E-3	6.750000E-4
2.744269E-3	6.740000E-4
2.741570E-3	6.730000E-4
2.736733E-3	6.720000E-4
2.741110E-3	6.710000E-4
2.743421E-3	6.700000E-4
2.743195E-3	6.690000E-4
2.740495E-3	6.680000E-4
2.742263E-3	6.670000E-4
2.734813E-3	6.660000E-4
2.732591E-3	6.650000E-4
2.735354E-3	6.640000E-4
2.735435E-3	6.630000E-4
2.729436E-3	6.620000E-4
2.732812E-3	6.610000E-4
2.732740E-3	6.600000E-4
2.733201E-3	6.590000E-4
2.728057E-3	6.580000E-4
2.723673E-3	6.570000E-4
2.733348E-3	6.560000E-4
2.728360E-3	6.550000E-4
2.731670E-3	6.540000E-4
2.727287E-3	6.530000E-4
2.730123E-3	6.520000E-4
2.725519E-3	6.510000E-4
2.719138E-3	6.500000E-4
2.714910E-3	6.490000E-4
2.725595E-3	6.480000E-4
2.717910E-3	6.470000E-4
2.720681E-3	6.460000E-4
2.718911E-3	6.450000E-4
2.712909E-3	6.440000E-4
2.722058E-3	6.430000E-4
2.713611E-3	6.420000E-4
2.718991E-3	6.410000E-4
2.716298E-3	6.400000E-4
2.721600E-3	6.390000E-4
2.712308E-3	6.380000E-4
2.706154E-3	6.370000E-4
2.715311E-3	6.360000E-4
2.707541E-3	6.350000E-4
2.703312E-3	6.340000E-4
2.704164E-3	6.330000E-4
2.701781E-3	6.320000E-4
2.695165E-3	6.310000E-4
2.691400E-3	6.300000E-4
2.693480E-3	6.290000E-4
2.694176E-3	6.280000E-4
2.688254E-3	6.270000E-4
2.694017E-3	6.260000E-4
2.686412E-3	6.250000E-4
2.693641E-3	6.240000E-4
2.683118E-3	6.230000E-4
2.680187E-3	6.220000E-4
2.677502E-3	6.210000E-4
2.673810E-3	6.200000E-4
2.665513E-3	6.190000E-4
2.661136E-3	6.180000E-4
2.665286E-3	6.170000E-4
2.664593E-3	6.160000E-4
2.661217E-3	6.150000E-4
2.650611E-3	6.140000E-4
2.652919E-3	6.130000E-4
2.653691E-3	6.120000E-4
2.631630E-3	6.110000E-4
2.645387E-3	6.100000E-4
2.642318E-3	6.090000E-4
2.630105E-3	6.080000E-4
2.624877E-3	6.070000E-4
2.625019E-3	6.060000E-4
2.622952E-3	6.050000E-4
2.617197E-3	6.040000E-4
2.609965E-3	6.030000E-4
2.610196E-3	6.020000E-4
2.602819E-3	6.010000E-4
2.601133E-3	6.000000E-4
2.597523E-3	5.990000E-4
2.589605E-3	5.980000E-4
2.588151E-3	5.970000E-4
2.581543E-3	5.960000E-4
2.580770E-3	5.950000E-4
2.575620E-3	5.940000E-4
2.569096E-3	5.930000E-4
2.562030E-3	5.920000E-4
2.562493E-3	5.910000E-4
2.563714E-3	5.900000E-4
2.558802E-3	5.890000E-4
2.549967E-3	5.880000E-4
2.550733E-3	5.870000E-4
2.535744E-3	5.860000E-4
2.537135E-3	5.850000E-4
2.531448E-3	5.840000E-4
2.529986E-3	5.830000E-4
2.529525E-3	5.820000E-4
2.520683E-3	5.810000E-4
2.515779E-3	5.800000E-4
2.513932E-3	5.790000E-4
2.508016E-3	5.780000E-4
2.502560E-3	5.770000E-4
2.495571E-3	5.760000E-4
2.496412E-3	5.750000E-4
2.486428E-3	5.740000E-4
2.472899E-3	5.730000E-4
2.474589E-3	5.720000E-4
2.467830E-3	5.710000E-4
2.471977E-3	5.700000E-4
2.468136E-3	5.690000E-4
2.467840E-3	5.680000E-4
2.460078E-3	5.670000E-4
2.456924E-3	5.660000E-4
2.461694E-3	5.650000E-4
2.444559E-3	5.640000E-4
2.446017E-3	5.630000E-4
2.444716E-3	5.620000E-4
2.435801E-3	5.610000E-4
2.428110E-3	5.600000E-4
2.422574E-3	5.590000E-4
2.412282E-3	5.580000E-4
2.419817E-3	5.570000E-4
2.408447E-3	5.560000E-4
2.407750E-3	5.550000E-4
2.400916E-3	5.540000E-4
2.401149E-3	5.530000E-4
2.395310E-3	5.520000E-4
2.386548E-3	5.510000E-4
2.387936E-3	5.500000E-4
2.373868E-3	5.490000E-4
2.378094E-3	5.480000E-4
2.363420E-3	5.470000E-4
2.370415E-3	5.460000E-4
2.366881E-3	5.450000E-4
2.357197E-3	5.440000E-4
2.354586E-3	5.430000E-4
2.352435E-3	5.420000E-4
2.341367E-3	5.410000E-4
2.336294E-3	5.400000E-4
2.332535E-3	5.390000E-4
2.332696E-3	5.380000E-4
2.325475E-3	5.370000E-4
2.325237E-3	5.360000E-4
2.318479E-3	5.350000E-4
2.320324E-3	5.340000E-4
2.315716E-3	5.330000E-4
2.302263E-3	5.320000E-4
2.298652E-3	5.310000E-4
2.292586E-3	5.300000E-4
2.295122E-3	5.290000E-4
2.280597E-3	5.280000E-4
2.269682E-3	5.270000E-4
2.272377E-3	5.260000E-4
2.273455E-3	5.250000E-4
2.266770E-3	5.240000E-4
2.264086E-3	5.230000E-4
2.257553E-3	5.220000E-4
2.257780E-3	5.210000E-4
2.254016E-3	5.200000E-4
2.245023E-3	5.190000E-4
2.235573E-3	5.180000E-4
2.234424E-3	5.170000E-4
2.237273E-3	5.160000E-4
2.225203E-3	5.150000E-4
2.222291E-3	5.140000E-4
2.221058E-3	5.130000E-4
2.215293E-3	5.120000E-4
2.214144E-3	5.110000E-4
2.202999E-3	5.100000E-4
2.205234E-3	5.090000E-4
2.192015E-3	5.080000E-4
2.193016E-3	5.070000E-4
2.184793E-3	5.060000E-4
2.174802E-3	5.050000E-4
2.171656E-3	5.040000E-4
2.170812E-3	5.030000E-4
2.173194E-3	5.020000E-4
2.162358E-3	5.010000E-4
2.162669E-3	5.000000E-4
2.150214E-3	4.990000E-4
2.149226E-3	4.980000E-4
2.146687E-3	4.970000E-4
2.142078E-3	4.960000E-4
2.128241E-3	4.950000E-4
2.124020E-3	4.940000E-4
2.124097E-3	4.930000E-4
2.119872E-3	4.920000E-4
2.108196E-3	4.910000E-4
2.112958E-3	4.900000E-4
2.108807E-3	4.890000E-4
2.109114E-3	4.880000E-4
2.103124E-3	4.870000E-4
2.088756E-3	4.860000E-4
2.102823E-3	4.850000E-4
2.086226E-3	4.840000E-4
2.082228E-3	4.830000E-4
2.072160E-3	4.820000E-4
2.076388E-3	4.810000E-4
2.071010E-3	4.800000E-4
2.065554E-3	4.790000E-4
2.064334E-3	4.780000E-4
2.050040E-3	4.770000E-4
2.048810E-3	4.760000E-4
2.044116E-3	4.750000E-4
2.045427E-3	4.740000E-4
2.038359E-3	4.730000E-4
2.032903E-3	4.720000E-4
2.025526E-3	4.710000E-4
2.022066E-3	4.700000E-4
2.014617E-3	4.690000E-4
2.010385E-3	4.680000E-4
2.012854E-3	4.670000E-4
1.994404E-3	4.660000E-4
1.998331E-3	4.650000E-4
1.988872E-3	4.640000E-4
1.990335E-3	4.630000E-4
1.976196E-3	4.620000E-4
1.982038E-3	4.610000E-4
1.973587E-3	4.600000E-4
1.966751E-3	4.590000E-4
1.964138E-3	4.580000E-4
1.954457E-3	4.570000E-4
1.954303E-3	4.560000E-4
1.960990E-3	4.550000E-4
1.955160E-3	4.540000E-4
1.942165E-3	4.530000E-4
1.936934E-3	4.520000E-4
1.930486E-3	4.510000E-4
1.923031E-3	4.500000E-4
1.926339E-3	4.490000E-4
1.914968E-3	4.480000E-4
1.916197E-3	4.470000E-4
1.909978E-3	4.460000E-4
1.904827E-3	4.450000E-4
1.895454E-3	4.440000E-4
1.902445E-3	4.430000E-4
1.889536E-3	4.420000E-4
1.883697E-3	4.410000E-4
1.886849E-3	4.400000E-4
1.882162E-3	4.390000E-4
1.874787E-3	4.380000E-4
1.868411E-3	4.370000E-4
1.874174E-3	4.360000E-4
1.860495E-3	4.350000E-4
1.864031E-3	4.340000E-4
1.854967E-3	4.330000E-4
1.847202E-3	4.320000E-4
1.848979E-3	4.310000E-4
1.837066E-3	4.300000E-4
1.836752E-3	4.290000E-4
1.829840E-3	4.280000E-4
1.820006E-3	4.270000E-4
1.819470E-3	4.260000E-4
1.819391E-3	4.250000E-4
1.805869E-3	4.240000E-4
1.807021E-3	4.230000E-4
1.800645E-3	4.220000E-4
1.795188E-3	4.210000E-4
1.789736E-3	4.200000E-4
1.776515E-3	4.190000E-4
1.781596E-3	4.180000E-4
1.778288E-3	4.170000E-4
1.778133E-3	4.160000E-4
1.770220E-3	4.150000E-4
1.771297E-3	4.140000E-4
1.762228E-3	4.130000E-4
1.756850E-3	4.120000E-4
1.754628E-3	4.110000E-4
1.743716E-3	4.100000E-4
1.738714E-3	4.090000E-4
1.733569E-3	4.080000E-4
1.732652E-3	4.070000E-4
1.730733E-3	4.060000E-4
1.724658E-3	4.050000E-4
1.723124E-3	4.040000E-4
1.716674E-3	4.030000E-4
1.711831E-3	4.020000E-4
1.701455E-3	4.010000E-4
1.704690E-3	4.000000E-4
1.695080E-3	3.990000E-4
1.693088E-3	3.980000E-4
1.686863E-3	3.970000E-4
1.695398E-3	3.960000E-4
1.675949E-3	3.950000E-4
1.670575E-3	3.940000E-4
1.673263E-3	3.930000E-4
1.668652E-3	3.920000E-4
1.664809E-3	3.910000E-4
1.663429E-3	3.900000E-4
1.650368E-3	3.890000E-4
1.646603E-3	3.880000E-4
1.641452E-3	3.870000E-4
1.636310E-3	3.860000E-4
1.625938E-3	3.850000E-4
1.625090E-3	3.840000E-4
1.624174E-3	3.830000E-4
1.618942E-3	3.820000E-4
1.616868E-3	3.810000E-4
1.606495E-3	3.800000E-4
1.601811E-3	3.790000E-4
1.596198E-3	3.780000E-4
1.594743E-3	3.770000E-4
1.592129E-3	3.760000E-4
1.583295E-3	3.750000E-4
1.580456E-3	3.740000E-4
1.579146E-3	3.730000E-4
1.570694E-3	3.720000E-4
1.572692E-3	3.710000E-4
1.566465E-3	3.700000E-4
1.552017E-3	3.690000E-4
1.552945E-3	3.680000E-4
1.546186E-3	3.670000E-4
1.536655E-3	3.660000E-4
1.542574E-3	3.650000E-4
1.533583E-3	3.640000E-4
1.527284E-3	3.630000E-4
1.522598E-3	3.620000E-4
1.521829E-3	3.610000E-4
1.513761E-3	3.600000E-4
1.509461E-3	3.590000E-4
1.509538E-3	3.580000E-4
1.497707E-3	3.570000E-4
1.504391E-3	3.560000E-4
1.498787E-3	3.550000E-4
1.494716E-3	3.540000E-4
1.488872E-3	3.530000E-4
1.480268E-3	3.520000E-4
1.479575E-3	3.510000E-4
1.473893E-3	3.500000E-4
1.468818E-3	3.490000E-4
1.465441E-3	3.480000E-4
1.462752E-3	3.470000E-4
1.458067E-3	3.460000E-4
1.450611E-3	3.450000E-4
1.443618E-3	3.440000E-4
1.437163E-3	3.430000E-4
1.425413E-3	3.420000E-4
1.428331E-3	3.410000E-4
1.425718E-3	3.400000E-4
1.415041E-3	3.390000E-4
1.414652E-3	3.380000E-4
1.412118E-3	3.370000E-4
1.402283E-3	3.360000E-4
1.408740E-3	3.350000E-4
1.395366E-3	3.340000E-4
1.389915E-3	3.330000E-4
1.390837E-3	3.320000E-4
1.387612E-3	3.310000E-4
1.380307E-3	3.300000E-4
1.376778E-3	3.290000E-4
1.367169E-3	3.280000E-4
1.365869E-3	3.270000E-4
1.359951E-3	3.260000E-4
1.353726E-3	3.250000E-4
1.342736E-3	3.240000E-4
1.347349E-3	3.230000E-4
1.341818E-3	3.220000E-4
1.337056E-3	3.210000E-4
1.340127E-3	3.200000E-4
1.329218E-3	3.190000E-4
1.325067E-3	3.180000E-4
1.322229E-3	3.170000E-4
1.315466E-3	3.160000E-4
1.312547E-3	3.150000E-4
1.312857E-3	3.140000E-4
1.315470E-3	3.130000E-4
1.302405E-3	3.120000E-4
1.305943E-3	3.110000E-4
1.291107E-3	3.100000E-4
1.279890E-3	3.090000E-4
1.289192E-3	3.080000E-4
1.283351E-3	3.070000E-4
1.282203E-3	3.060000E-4
1.270601E-3	3.050000E-4
1.275131E-3	3.040000E-4
1.262456E-3	3.030000E-4
1.255079E-3	3.020000E-4
1.253540E-3	3.010000E-4
1.246472E-3	3.000000E-4
1.240559E-3	2.990000E-4
1.249394E-3	2.980000E-4
1.244095E-3	2.970000E-4
1.233489E-3	2.960000E-4
1.227725E-3	2.950000E-4
1.221041E-3	2.940000E-4
1.220506E-3	2.930000E-4
1.214436E-3	2.920000E-4
1.200986E-3	2.910000E-4
1.204372E-3	2.900000E-4
1.201761E-3	2.890000E-4
1.197534E-3	2.880000E-4
1.195301E-3	2.870000E-4
1.185162E-3	2.860000E-4
1.181473E-3	2.850000E-4
1.183476E-3	2.840000E-4
1.176251E-3	2.830000E-4
1.166031E-3	2.820000E-4
1.159499E-3	2.810000E-4
1.163035E-3	2.800000E-4
1.147669E-3	2.790000E-4
1.157737E-3	2.780000E-4
1.149822E-3	2.770000E-4
1.139986E-3	2.760000E-4
1.137607E-3	2.750000E-4
1.128306E-3	2.740000E-4
1.129999E-3	2.730000E-4
1.123392E-3	2.720000E-4
1.131229E-3	2.710000E-4
1.113172E-3	2.700000E-4
1.108872E-3	2.690000E-4
1.106568E-3	2.680000E-4
1.100651E-3	2.670000E-4
1.096808E-3	2.660000E-4
1.095811E-3	2.650000E-4
1.087130E-3	2.640000E-4
1.088745E-3	2.630000E-4
1.075218E-3	2.620000E-4
1.069610E-3	2.610000E-4
1.066001E-3	2.600000E-4
1.070225E-3	2.590000E-4
1.065848E-3	2.580000E-4
1.056936E-3	2.570000E-4
1.056705E-3	2.560000E-4
1.051097E-3	2.550000E-4
1.043566E-3	2.540000E-4
1.035652E-3	2.530000E-4
1.033118E-3	2.520000E-4
1.027202E-3	2.510000E-4
1.022668E-3	2.500000E-4
1.018977E-3	2.490000E-4
1.019212E-3	2.480000E-4
1.009143E-3	2.470000E-4
1.004922E-3	2.460000E-4
1.001310E-3	2.450000E-4
1.004228E-3	2.440000E-4
9.983144E-4	2.430000E-4
9.876346E-4	2.420000E-4
9.846385E-4	2.410000E-4
9.875598E-4	2.400000E-4
9.714250E-4	2.390000E-4
9.686594E-4	2.380000E-4
9.628944E-4	2.370000E-4
9.565158E-4	2.360000E-4
9.489098E-4	2.350000E-4
9.524461E-4	2.340000E-4
9.421495E-4	2.330000E-4
9.439940E-4	2.320000E-4
9.319318E-4	2.310000E-4
9.340081E-4	2.300000E-4
9.255562E-4	2.290000E-4
9.222543E-4	2.280000E-4
9.151822E-4	2.270000E-4
9.190254E-4	2.260000E-4
9.094229E-4	2.250000E-4
9.044255E-4	2.240000E-4
8.996644E-4	2.230000E-4
8.930590E-4	2.220000E-4
8.930599E-4	2.210000E-4
8.820687E-4	2.200000E-4
8.965190E-4	2.190000E-4
8.760013E-4	2.180000E-4
8.624794E-4	2.170000E-4
8.828433E-4	2.160000E-4
8.687795E-4	2.150000E-4
8.549471E-4	2.140000E-4
8.602514E-4	2.130000E-4
8.473439E-4	2.120000E-4
8.461144E-4	2.110000E-4
8.419655E-4	2.100000E-4
8.355844E-4	2.090000E-4
8.254463E-4	2.080000E-4
8.277528E-4	2.070000E-4
8.173767E-4	2.060000E-4
8.168416E-4	2.050000E-4
8.107725E-4	2.040000E-4
8.078532E-4	2.030000E-4
7.998602E-4	2.020000E-4
8.035506E-4	2.010000E-4
7.949453E-4	2.000000E-4
7.921034E-4	1.990000E-4
7.850351E-4	1.980000E-4
7.847282E-4	1.970000E-4
7.793495E-4	1.960000E-4
7.749714E-4	1.950000E-4
7.685149E-4	1.940000E-4
7.550700E-4	1.930000E-4
7.586826E-4	1.920000E-4
7.498458E-4	1.910000E-4
7.499996E-4	1.900000E-4
7.446211E-4	1.890000E-4
7.460076E-4	1.880000E-4
7.341729E-4	1.870000E-4
7.294855E-4	1.860000E-4
7.286412E-4	1.850000E-4
7.206502E-4	1.840000E-4
7.226496E-4	1.830000E-4
7.182711E-4	1.820000E-4
7.095105E-4	1.810000E-4
7.082834E-4	1.800000E-4
7.012148E-4	1.790000E-4
6.980645E-4	1.780000E-4
6.900735E-4	1.770000E-4
6.852328E-4	1.760000E-4
6.939947E-4	1.750000E-4
6.757833E-4	1.740000E-4
6.800085E-4	1.730000E-4
6.654882E-4	1.720000E-4
6.646431E-4	1.710000E-4
6.583434E-4	1.700000E-4
6.560385E-4	1.690000E-4
6.526550E-4	1.680000E-4
6.475078E-4	1.670000E-4
6.416704E-4	1.660000E-4
6.382144E-4	1.650000E-4
6.332179E-4	1.640000E-4
6.312224E-4	1.630000E-4
6.211565E-4	1.620000E-4
6.167755E-4	1.610000E-4
6.137813E-4	1.600000E-4
6.121678E-4	1.590000E-4
6.041017E-4	1.580000E-4
6.016407E-4	1.570000E-4
5.934988E-4	1.560000E-4
5.944183E-4	1.550000E-4
5.895802E-4	1.540000E-4
5.772104E-4	1.530000E-4
5.729843E-4	1.520000E-4
5.750599E-4	1.510000E-4
5.686063E-4	1.500000E-4
5.620754E-4	1.490000E-4
5.620746E-4	1.480000E-4
5.642262E-4	1.470000E-4
5.526250E-4	1.460000E-4
5.450960E-4	1.450000E-4
5.404087E-4	1.440000E-4
5.318022E-4	1.430000E-4
5.377210E-4	1.420000E-4
5.257343E-4	1.410000E-4
5.318825E-4	1.400000E-4
5.129030E-4	1.390000E-4
5.129035E-4	1.380000E-4
5.030698E-4	1.370000E-4
5.098306E-4	1.360000E-4
5.018400E-4	1.350000E-4
4.996122E-4	1.340000E-4
4.881645E-4	1.330000E-4
4.844775E-4	1.320000E-4
4.850147E-4	1.310000E-4
4.780992E-4	1.300000E-4
4.744906E-4	1.290000E-4
4.731086E-4	1.280000E-4
4.678052E-4	1.270000E-4
4.582794E-4	1.260000E-4
4.530533E-4	1.250000E-4
4.487523E-4	1.240000E-4
4.481373E-4	1.230000E-4
4.433735E-4	1.220000E-4
4.387630E-4	1.210000E-4
4.336931E-4	1.200000E-4
4.280079E-4	1.190000E-4
4.274705E-4	1.180000E-4
4.154073E-4	1.170000E-4
4.171741E-4	1.160000E-4
4.075710E-4	1.150000E-4
4.033442E-4	1.140000E-4
4.018067E-4	1.130000E-4
3.978911E-4	1.120000E-4
3.961997E-4	1.110000E-4
3.903607E-4	1.100000E-4
3.838300E-4	1.090000E-4
3.740733E-4	1.080000E-4
3.657739E-4	1.070000E-4
3.649305E-4	1.060000E-4
3.535572E-4	1.050000E-4
3.625482E-4	1.040000E-4
3.437236E-4	1.030000E-4
3.552479E-4	1.020000E-4
3.434957E-4	1.010000E-4
3.418043E-4	1.000000E-4
3.502562E-4	9.900000E-5
3.356586E-4	9.800000E-5
3.371193E-4	9.700000E-5
3.297424E-4	9.600000E-5
3.282065E-4	9.500000E-5
3.227519E-4	9.400000E-5
3.000087E-4	9.300000E-5
3.027761E-4	9.200000E-5
3.046963E-4	9.100000E-5
2.993196E-4	9.000000E-5
2.902528E-4	8.900000E-5
2.745787E-4	8.800000E-5
2.929416E-4	8.700000E-5
2.816474E-4	8.600000E-5
2.702771E-4	8.500000E-5
2.675108E-4	8.400000E-5
2.652047E-4	8.300000E-5
2.613631E-4	8.200000E-5
2.500686E-4	8.100000E-5
2.493007E-4	8.000000E-5
2.236393E-4	7.900000E-5
2.301709E-4	7.800000E-5
2.172623E-4	7.700000E-5
2.068906E-4	7.600000E-5
1.872233E-4	7.500000E-5
1.568747E-4	7.400000E-5
1.449672E-4	7.300000E-5
1.056297E-4	7.200000E-5
6.122335E-5	7.100000E-5
3.087445E-5	7.000000E-5
1.742957E-5	6.900000E-5
-2.920580E-5	6.800000E-5
-4.872033E-5	6.700000E-5
-8.260230E-5	6.600000E-5
-7.176914E-5	6.500000E-5
-8.367773E-5	6.400000E-5
-7.276801E-5	6.300000E-5
-1.001962E-4	6.200000E-5
-8.659741E-5	6.100000E-5
-9.381933E-5	6.000000E-5
-9.205224E-5	5.900000E-5
-1.088781E-4	5.800000E-5
-1.088012E-4	5.700000E-5
-9.842920E-5	5.600000E-5
-8.890226E-5	5.500000E-5
-1.058817E-4	5.400000E-5
-8.759613E-5	5.300000E-5
-9.197538E-5	5.200000E-5
-9.574008E-5	5.100000E-5
-1.031158E-4	5.000000E-5
-1.025780E-4	4.900000E-5
-1.051903E-4	4.800000E-5
-9.289737E-5	4.700000E-5
-7.906795E-5	4.600000E-5
-9.520227E-5	4.500000E-5
-9.059242E-5	4.400000E-5
-8.267898E-5	4.300000E-5
-7.783859E-5	4.200000E-5
-8.798025E-5	4.100000E-5
-9.566332E-5	4.000000E-5
-9.704626E-5	3.900000E-5
-9.996584E-5	3.800000E-5
-1.012719E-4	3.700000E-5
-1.025779E-4	3.600000E-5
-1.071878E-4	3.500000E-5
-1.008877E-4	3.400000E-5
-9.558639E-5	3.300000E-5
-9.443398E-5	3.200000E-5
-9.543282E-5	3.100000E-5
-9.474135E-5	3.000000E-5
-9.451086E-5	2.900000E-5
-1.007340E-4	2.800000E-5
-1.051902E-4	2.700000E-5
-9.220586E-5	2.600000E-5
-9.704625E-5	2.500000E-5
-8.798033E-5	2.400000E-5
-1.045757E-4	2.300000E-5
-1.064963E-4	2.200000E-5
-9.082292E-5	2.100000E-5
-8.936325E-5	2.000000E-5
-8.598263E-5	1.900000E-5
-8.168015E-5	1.800000E-5
-1.038841E-4	1.700000E-5
-9.235958E-5	1.600000E-5
-1.061891E-4	1.500000E-5
-8.467656E-5	1.400000E-5
-9.658528E-5	1.300000E-5
-1.090317E-4	1.200000E-5
-9.981204E-5	1.100000E-5
-9.328155E-5	1.000000E-5
-1.087244E-4	9.000000E-6
-9.358887E-5	8.000000E-6
-9.520222E-5	7.000000E-6
-9.404981E-5	6.000000E-6
-8.813391E-5	5.000000E-6
-1.057281E-4	4.000000E-6
-8.751929E-5	3.000000E-6
-1.042682E-4	2.000000E-6
-9.020831E-5	1.000000E-6
-9.259005E-5	0.000000E+0
-1.059586E-4	0.000000E+0
-9.428037E-5	-1.000000E-6
-9.404981E-5	-2.000000E-6
-9.082288E-5	-3.000000E-6
-9.819865E-5	-4.000000E-6
-8.529113E-5	-5.000000E-6
-8.582893E-5	-6.000000E-6
-8.552169E-5	-7.000000E-6
-1.042683E-4	-8.000000E-6
-1.035001E-4	-9.000000E-6
-8.390834E-5	-1.000000E-5
-9.328155E-5	-1.100000E-5
-1.019633E-4	-1.200000E-5
-9.136082E-5	-1.300000E-5
-9.128400E-5	-1.400000E-5
-8.682781E-5	-1.500000E-5
-9.973529E-5	-1.600000E-5
-1.038841E-4	-1.700000E-5
-9.981207E-5	-1.800000E-5
-1.045756E-4	-1.900000E-5
-9.197539E-5	-2.000000E-5
-8.613633E-5	-2.100000E-5
-9.919754E-5	-2.200000E-5
-9.673881E-5	-2.300000E-5
-9.904391E-5	-2.400000E-5
-1.018865E-4	-2.500000E-5
-9.873650E-5	-2.600000E-5
-9.604740E-5	-2.700000E-5
-9.082306E-5	-2.800000E-5
-1.070341E-4	-2.900000E-5
-9.719983E-5	-3.000000E-5
-9.451093E-5	-3.100000E-5
-1.061122E-4	-3.200000E-5
-1.071879E-4	-3.300000E-5
-1.074952E-4	-3.400000E-5
-1.123355E-4	-3.500000E-5
-1.051903E-4	-3.600000E-5
-1.002731E-4	-3.700000E-5
-1.032694E-4	-3.800000E-5
-8.475337E-5	-3.900000E-5
-9.212901E-5	-4.000000E-5
-9.589377E-5	-4.100000E-5
-1.090317E-4	-4.200000E-5
-1.003499E-4	-4.300000E-5
-1.064195E-4	-4.400000E-5
-9.266687E-5	-4.500000E-5
-1.009646E-4	-4.600000E-5
-9.673894E-5	-4.700000E-5
-1.067268E-4	-4.800000E-5
-1.097232E-4	-4.900000E-5
-1.038841E-4	-5.000000E-5
-1.066500E-4	-5.100000E-5
-9.412662E-5	-5.200000E-5
-1.021171E-4	-5.300000E-5
-9.305105E-5	-5.400000E-5
-1.040378E-4	-5.500000E-5
-1.111830E-4	-5.600000E-5
-9.773771E-5	-5.700000E-5
-1.043452E-4	-5.800000E-5
-9.881329E-5	-5.900000E-5
-9.451091E-5	-6.000000E-5
-9.650837E-5	-6.100000E-5
-1.012719E-4	-6.200000E-5
-1.140258E-4	-6.300000E-5
-1.198650E-4	-6.400000E-5
-1.182515E-4	-6.500000E-5
-1.264725E-4	-6.600000E-5
-1.248591E-4	-6.700000E-5
-1.534405E-4	-6.800000E-5
-1.817145E-4	-6.900000E-5
-2.270453E-4	-7.000000E-5
-2.637716E-4	-7.100000E-5
-3.074123E-4	-7.200000E-5
-3.312309E-4	-7.300000E-5
-3.664962E-4	-7.400000E-5
-3.823988E-4	-7.500000E-5
-4.105965E-4	-7.600000E-5
-4.297275E-4	-7.700000E-5
-4.263472E-4	-7.800000E-5
-4.437120E-4	-7.900000E-5
-4.425578E-4	-8.000000E-5
-4.611520E-4	-8.100000E-5
-4.530861E-4	-8.200000E-5
-4.495515E-4	-8.300000E-5
-4.599241E-4	-8.400000E-5
-4.748288E-4	-8.500000E-5
-4.734458E-4	-8.600000E-5
-4.802825E-4	-8.700000E-5
-4.814378E-4	-8.800000E-5
-4.850481E-4	-8.900000E-5
-4.881213E-4	-9.000000E-5
-5.006444E-4	-9.100000E-5
-4.978026E-4	-9.200000E-5
-5.104803E-4	-9.300000E-5
-5.055631E-4	-9.400000E-5
-5.105567E-4	-9.500000E-5
-5.157812E-4	-9.600000E-5
-5.167033E-4	-9.700000E-5
-5.258455E-4	-9.800000E-5
-5.334524E-4	-9.900000E-5
-5.356807E-4	-1.000000E-4
-5.416716E-4	-1.010000E-4
-5.522760E-4	-1.020000E-4
-5.669495E-4	-1.030000E-4
-5.594206E-4	-1.040000E-4
-5.534267E-4	-1.050000E-4
-5.697939E-4	-1.060000E-4
-5.724822E-4	-1.070000E-4
-5.794742E-4	-1.080000E-4
-5.852362E-4	-1.090000E-4
-5.888468E-4	-1.100000E-4
-5.894622E-4	-1.110000E-4
-5.929202E-4	-1.120000E-4
-5.977603E-4	-1.130000E-4
-6.009858E-4	-1.140000E-4
-6.161996E-4	-1.150000E-4
-6.142787E-4	-1.160000E-4
-6.278012E-4	-1.170000E-4
-6.220391E-4	-1.180000E-4
-6.287232E-4	-1.190000E-4
-6.371755E-4	-1.200000E-4
-6.370203E-4	-1.210000E-4
-6.437048E-4	-1.220000E-4
-6.546145E-4	-1.230000E-4
-6.590714E-4	-1.240000E-4
-6.606861E-4	-1.250000E-4
-6.622986E-4	-1.260000E-4
-6.649882E-4	-1.270000E-4
-6.656032E-4	-1.280000E-4
-6.799699E-4	-1.290000E-4
-6.748232E-4	-1.300000E-4
-6.865779E-4	-1.310000E-4
-6.840441E-4	-1.320000E-4
-6.914954E-4	-1.330000E-4
-6.998720E-4	-1.340000E-4
-7.029431E-4	-1.350000E-4
-7.033278E-4	-1.360000E-4
-7.099364E-4	-1.370000E-4
-7.091679E-4	-1.380000E-4
-7.236882E-4	-1.390000E-4
-7.212295E-4	-1.400000E-4
-7.316790E-4	-1.410000E-4
-7.294512E-4	-1.420000E-4
-7.387461E-4	-1.430000E-4
-7.414356E-4	-1.440000E-4
-7.518849E-4	-1.450000E-4
-7.528075E-4	-1.460000E-4
-7.509635E-4	-1.470000E-4
-7.581860E-4	-1.480000E-4
-7.650237E-4	-1.490000E-4
-7.719377E-4	-1.500000E-4
-7.689425E-4	-1.510000E-4
-7.734003E-4	-1.520000E-4
-7.783171E-4	-1.530000E-4
-7.866920E-4	-1.540000E-4
-7.921457E-4	-1.550000E-4
-7.955270E-4	-1.560000E-4
-8.089719E-4	-1.570000E-4
-8.039767E-4	-1.580000E-4
-8.128115E-4	-1.590000E-4
-8.126589E-4	-1.600000E-4
-8.152711E-4	-1.610000E-4
-8.220345E-4	-1.620000E-4
-8.360936E-4	-1.630000E-4
-8.302534E-4	-1.640000E-4
-8.311007E-4	-1.650000E-4
-8.390904E-4	-1.660000E-4
-8.526883E-4	-1.670000E-4
-8.518435E-4	-1.680000E-4
-8.522293E-4	-1.690000E-4
-8.664426E-4	-1.700000E-4
-8.697460E-4	-1.710000E-4
-8.707446E-4	-1.720000E-4
-8.712080E-4	-1.730000E-4
-8.858043E-4	-1.740000E-4
-8.766619E-4	-1.750000E-4
-8.814254E-4	-1.760000E-4
-8.944110E-4	-1.770000E-4
-8.937950E-4	-1.780000E-4
-8.997099E-4	-1.790000E-4
-9.024780E-4	-1.800000E-4
-9.072402E-4	-1.810000E-4
-9.163847E-4	-1.820000E-4
-9.223768E-4	-1.830000E-4
-9.269850E-4	-1.840000E-4
-9.338236E-4	-1.850000E-4
-9.326740E-4	-1.860000E-4
-9.362821E-4	-1.870000E-4
-9.372802E-4	-1.880000E-4
-9.528765E-4	-1.890000E-4
-9.535707E-4	-1.900000E-4
-9.544925E-4	-1.910000E-4
-9.587941E-4	-1.920000E-4
-9.610999E-4	-1.930000E-4
-9.703939E-4	-1.940000E-4
-9.744671E-4	-1.950000E-4
-9.737776E-4	-1.960000E-4
-9.808458E-4	-1.970000E-4
-9.849949E-4	-1.980000E-4
-9.922951E-4	-1.990000E-4
-9.917544E-4	-2.000000E-4
-1.000053E-3	-2.010000E-4
-9.990563E-4	-2.020000E-4
-1.014419E-3	-2.030000E-4
-1.014420E-3	-2.040000E-4
-1.016877E-3	-2.050000E-4
-1.018260E-3	-2.060000E-4
-1.018953E-3	-2.070000E-4
-1.029093E-3	-2.080000E-4
-1.033013E-3	-2.090000E-4
-1.032402E-3	-2.100000E-4
-1.047996E-3	-2.110000E-4
-1.048072E-3	-2.120000E-4
-1.056753E-3	-2.130000E-4
-1.059444E-3	-2.140000E-4
-1.057908E-3	-2.150000E-4
-1.063285E-3	-2.160000E-4
-1.064747E-3	-2.170000E-4
-1.073966E-3	-2.180000E-4
-1.083493E-3	-2.190000E-4
-1.080420E-3	-2.200000E-4
-1.090561E-3	-2.210000E-4
-1.095173E-3	-2.220000E-4
-1.096172E-3	-2.230000E-4
-1.103546E-3	-2.240000E-4
-1.109234E-3	-2.250000E-4
-1.112693E-3	-2.260000E-4
-1.115227E-3	-2.270000E-4
-1.119833E-3	-2.280000E-4
-1.128207E-3	-2.290000E-4
-1.127748E-3	-2.300000E-4
-1.136277E-3	-2.310000E-4
-1.144496E-3	-2.320000E-4
-1.149950E-3	-2.330000E-4
-1.149186E-3	-2.340000E-4
-1.154946E-3	-2.350000E-4
-1.157711E-3	-2.360000E-4
-1.162551E-3	-2.370000E-4
-1.169007E-3	-2.380000E-4
-1.170162E-3	-2.390000E-4
-1.175613E-3	-2.400000E-4
-1.180992E-3	-2.410000E-4
-1.186142E-3	-2.420000E-4
-1.191519E-3	-2.430000E-4
-1.196282E-3	-2.440000E-4
-1.205655E-3	-2.450000E-4
-1.203122E-3	-2.460000E-4
-1.213262E-3	-2.470000E-4
-1.211877E-3	-2.480000E-4
-1.229163E-3	-2.490000E-4
-1.226785E-3	-2.500000E-4
-1.226325E-3	-2.510000E-4
-1.240534E-3	-2.520000E-4
-1.241227E-3	-2.530000E-4
-1.246607E-3	-2.540000E-4
-1.244454E-3	-2.550000E-4
-1.243536E-3	-2.560000E-4
-1.252677E-3	-2.570000E-4
-1.268809E-3	-2.580000E-4
-1.263124E-3	-2.590000E-4
-1.267736E-3	-2.600000E-4
-1.276725E-3	-2.610000E-4
-1.284792E-3	-2.620000E-4
-1.279955E-3	-2.630000E-4
-1.285717E-3	-2.640000E-4
-1.289557E-3	-2.650000E-4
-1.296468E-3	-2.660000E-4
-1.300698E-3	-2.670000E-4
-1.300544E-3	-2.680000E-4
-1.317138E-3	-2.690000E-4
-1.311836E-3	-2.700000E-4
-1.316833E-3	-2.710000E-4
-1.319829E-3	-2.720000E-4
-1.324284E-3	-2.730000E-4
-1.328202E-3	-2.740000E-4
-1.334119E-3	-2.750000E-4
-1.334812E-3	-2.760000E-4
-1.347180E-3	-2.770000E-4
-1.347411E-3	-2.780000E-4
-1.353174E-3	-2.790000E-4
-1.358088E-3	-2.800000E-4
-1.361857E-3	-2.810000E-4
-1.367310E-3	-2.820000E-4
-1.369153E-3	-2.830000E-4
-1.374378E-3	-2.840000E-4
-1.376147E-3	-2.850000E-4
-1.388283E-3	-2.860000E-4
-1.389744E-3	-2.870000E-4
-1.394658E-3	-2.880000E-4
-1.401191E-3	-2.890000E-4
-1.411639E-3	-2.900000E-4
-1.409797E-3	-2.910000E-4
-1.407415E-3	-2.920000E-4
-1.411718E-3	-2.930000E-4
-1.416255E-3	-2.940000E-4
-1.429388E-3	-2.950000E-4
-1.422861E-3	-2.960000E-4
-1.429701E-3	-2.970000E-4
-1.436996E-3	-2.980000E-4
-1.433465E-3	-2.990000E-4
-1.454282E-3	-3.000000E-4
-1.449137E-3	-3.010000E-4
-1.469339E-3	-3.020000E-4
-1.459048E-3	-3.030000E-4
-1.460971E-3	-3.040000E-4
-1.464965E-3	-3.050000E-4
-1.466347E-3	-3.060000E-4
-1.477416E-3	-3.070000E-4
-1.483481E-3	-3.080000E-4
-1.477645E-3	-3.090000E-4
-1.481562E-3	-3.100000E-4
-1.491010E-3	-3.110000E-4
-1.499000E-3	-3.120000E-4
-1.506143E-3	-3.130000E-4
-1.509832E-3	-3.140000E-4
-1.510527E-3	-3.150000E-4
-1.517209E-3	-3.160000E-4
-1.519284E-3	-3.170000E-4
-1.526197E-3	-3.180000E-4
-1.525509E-3	-3.190000E-4
-1.531729E-3	-3.200000E-4
-1.535266E-3	-3.210000E-4
-1.539183E-3	-3.220000E-4
-1.544485E-3	-3.230000E-4
-1.552932E-3	-3.240000E-4
-1.558930E-3	-3.250000E-4
-1.560930E-3	-3.260000E-4
-1.559314E-3	-3.270000E-4
-1.562389E-3	-3.280000E-4
-1.570764E-3	-3.290000E-4
-1.572913E-3	-3.300000E-4
-1.579982E-3	-3.310000E-4
-1.584821E-3	-3.320000E-4
-1.592120E-3	-3.330000E-4
-1.598190E-3	-3.340000E-4
-1.601416E-3	-3.350000E-4
-1.612399E-3	-3.360000E-4
-1.606873E-3	-3.370000E-4
-1.609333E-3	-3.380000E-4
-1.618471E-3	-3.390000E-4
-1.625236E-3	-3.400000E-4
-1.626540E-3	-3.410000E-4
-1.631536E-3	-3.420000E-4
-1.640910E-3	-3.430000E-4
-1.638911E-3	-3.440000E-4
-1.640910E-3	-3.450000E-4
-1.650053E-3	-3.460000E-4
-1.647061E-3	-3.470000E-4
-1.655276E-3	-3.480000E-4
-1.658348E-3	-3.490000E-4
-1.667724E-3	-3.500000E-4
-1.670415E-3	-3.510000E-4
-1.667803E-3	-3.520000E-4
-1.684092E-3	-3.530000E-4
-1.688696E-3	-3.540000E-4
-1.692847E-3	-3.550000E-4
-1.692696E-3	-3.560000E-4
-1.692691E-3	-3.570000E-4
-1.701917E-3	-3.580000E-4
-1.707832E-3	-3.590000E-4
-1.716665E-3	-3.600000E-4
-1.722044E-3	-3.610000E-4
-1.729957E-3	-3.620000E-4
-1.721969E-3	-3.630000E-4
-1.738023E-3	-3.640000E-4
-1.733874E-3	-3.650000E-4
-1.738789E-3	-3.660000E-4
-1.750165E-3	-3.670000E-4
-1.747323E-3	-3.680000E-4
-1.755621E-3	-3.690000E-4
-1.762457E-3	-3.700000E-4
-1.759849E-3	-3.710000E-4
-1.768068E-3	-3.720000E-4
-1.774601E-3	-3.730000E-4
-1.771757E-3	-3.740000E-4
-1.780969E-3	-3.750000E-4
-1.790960E-3	-3.760000E-4
-1.796109E-3	-3.770000E-4
-1.802558E-3	-3.780000E-4
-1.805706E-3	-3.790000E-4
-1.802640E-3	-3.800000E-4
-1.815160E-3	-3.810000E-4
-1.812245E-3	-3.820000E-4
-1.818083E-3	-3.830000E-4
-1.823001E-3	-3.840000E-4
-1.819777E-3	-3.850000E-4
-1.837444E-3	-3.860000E-4
-1.834915E-3	-3.870000E-4
-1.841134E-3	-3.880000E-4
-1.849740E-3	-3.890000E-4
-1.844057E-3	-3.900000E-4
-1.859035E-3	-3.910000E-4
-1.857651E-3	-3.920000E-4
-1.869095E-3	-3.930000E-4
-1.872255E-3	-3.940000E-4
-1.877016E-3	-3.950000E-4
-1.887463E-3	-3.960000E-4
-1.883236E-3	-3.970000E-4
-1.889917E-3	-3.980000E-4
-1.889691E-3	-3.990000E-4
-1.894840E-3	-4.000000E-4
-1.901292E-3	-4.010000E-4
-1.909972E-3	-4.020000E-4
-1.912048E-3	-4.030000E-4
-1.914737E-3	-4.040000E-4
-1.921887E-3	-4.050000E-4
-1.926109E-3	-4.060000E-4
-1.925191E-3	-4.070000E-4
-1.931564E-3	-4.080000E-4
-1.941399E-3	-4.090000E-4
-1.946086E-3	-4.100000E-4
-1.951081E-3	-4.110000E-4
-1.954769E-3	-4.120000E-4
-1.956843E-3	-4.130000E-4
-1.959225E-3	-4.140000E-4
-1.967137E-3	-4.150000E-4
-1.968904E-3	-4.160000E-4
-1.974898E-3	-4.170000E-4
-1.985498E-3	-4.180000E-4
-1.980969E-3	-4.190000E-4
-1.989567E-3	-4.200000E-4
-1.994716E-3	-4.210000E-4
-1.996332E-3	-4.220000E-4
-2.002481E-3	-4.230000E-4
-2.018687E-3	-4.240000E-4
-2.014234E-3	-4.250000E-4
-2.023301E-3	-4.260000E-4
-2.025220E-3	-4.270000E-4
-2.017237E-3	-4.280000E-4
-2.030065E-3	-4.290000E-4
-2.034748E-3	-4.300000E-4
-2.040898E-3	-4.310000E-4
-2.043737E-3	-4.320000E-4
-2.041437E-3	-4.330000E-4
-2.052418E-3	-4.340000E-4
-2.057497E-3	-4.350000E-4
-2.059877E-3	-4.360000E-4
-2.066330E-3	-4.370000E-4
-2.072400E-3	-4.380000E-4
-2.069716E-3	-4.390000E-4
-2.076701E-3	-4.400000E-4
-2.091601E-3	-4.410000E-4
-2.091687E-3	-4.420000E-4
-2.097141E-3	-4.430000E-4
-2.104205E-3	-4.440000E-4
-2.101974E-3	-4.450000E-4
-2.111430E-3	-4.460000E-4
-2.109738E-3	-4.470000E-4
-2.114039E-3	-4.480000E-4
-2.120109E-3	-4.490000E-4
-2.121951E-3	-4.500000E-4
-2.130022E-3	-4.510000E-4
-2.139389E-3	-4.520000E-4
-2.146998E-3	-4.530000E-4
-2.144461E-3	-4.540000E-4
-2.145079E-3	-4.550000E-4
-2.159523E-3	-4.560000E-4
-2.156992E-3	-4.570000E-4
-2.153154E-3	-4.580000E-4
-2.164900E-3	-4.590000E-4
-2.170436E-3	-4.600000E-4
-2.178651E-3	-4.610000E-4
-2.184569E-3	-4.620000E-4
-2.187488E-3	-4.630000E-4
-2.189251E-3	-4.640000E-4
-2.194796E-3	-4.650000E-4
-2.205467E-3	-4.660000E-4
-2.200479E-3	-4.670000E-4
-2.201933E-3	-4.680000E-4
-2.217761E-3	-4.690000E-4
-2.212537E-3	-4.700000E-4
-2.227752E-3	-4.710000E-4
-2.228978E-3	-4.720000E-4
-2.236199E-3	-4.730000E-4
-2.245036E-3	-4.740000E-4
-2.242811E-3	-4.750000E-4
-2.241659E-3	-4.760000E-4
-2.249417E-3	-4.770000E-4
-2.257101E-3	-4.780000E-4
-2.258330E-3	-4.790000E-4
-2.260099E-3	-4.800000E-4
-2.271849E-3	-4.810000E-4
-2.269245E-3	-4.820000E-4
-2.275239E-3	-4.830000E-4
-2.278848E-3	-4.840000E-4
-2.285760E-3	-4.850000E-4
-2.286304E-3	-4.860000E-4
-2.294441E-3	-4.870000E-4
-2.295978E-3	-4.880000E-4
-2.306432E-3	-4.890000E-4
-2.308654E-3	-4.900000E-4
-2.311346E-3	-4.910000E-4
-2.310506E-3	-4.920000E-4
-2.319105E-3	-4.930000E-4
-2.326483E-3	-4.940000E-4
-2.337694E-3	-4.950000E-4
-2.337847E-3	-4.960000E-4
-2.337080E-3	-4.970000E-4
-2.342458E-3	-4.980000E-4
-2.347992E-3	-4.990000E-4
-2.352606E-3	-5.000000E-4
-2.359210E-3	-5.010000E-4
-2.363053E-3	-5.020000E-4
-2.362826E-3	-5.030000E-4
-2.369818E-3	-5.040000E-4
-2.377652E-3	-5.050000E-4
-2.383717E-3	-5.060000E-4
-2.382104E-3	-5.070000E-4
-2.401998E-3	-5.080000E-4
-2.394629E-3	-5.090000E-4
-2.398703E-3	-5.100000E-4
-2.397782E-3	-5.110000E-4
-2.408383E-3	-5.120000E-4
-2.410077E-3	-5.130000E-4
-2.408769E-3	-5.140000E-4
-2.412382E-3	-5.150000E-4
-2.429351E-3	-5.160000E-4
-2.426596E-3	-5.170000E-4
-2.436966E-3	-5.180000E-4
-2.435276E-3	-5.190000E-4
-2.440815E-3	-5.200000E-4
-2.454713E-3	-5.210000E-4
-2.453023E-3	-5.220000E-4
-2.459241E-3	-5.230000E-4
-2.458866E-3	-5.240000E-4
-2.456483E-3	-5.250000E-4
-2.466320E-3	-5.260000E-4
-2.472927E-3	-5.270000E-4
-2.472461E-3	-5.280000E-4
-2.474538E-3	-5.290000E-4
-2.481375E-3	-5.300000E-4
-2.494131E-3	-5.310000E-4
-2.496820E-3	-5.320000E-4
-2.496513E-3	-5.330000E-4
-2.502046E-3	-5.340000E-4
-2.507111E-3	-5.350000E-4
-2.511186E-3	-5.360000E-4
-2.519102E-3	-5.370000E-4
-2.524172E-3	-5.380000E-4
-2.526630E-3	-5.390000E-4
-2.532544E-3	-5.400000E-4
-2.537310E-3	-5.410000E-4
-2.543918E-3	-5.420000E-4
-2.544606E-3	-5.430000E-4
-2.545452E-3	-5.440000E-4
-2.554209E-3	-5.450000E-4
-2.558368E-3	-5.460000E-4
-2.566040E-3	-5.470000E-4
-2.566347E-3	-5.480000E-4
-2.572267E-3	-5.490000E-4
-2.580410E-3	-5.500000E-4
-2.585862E-3	-5.510000E-4
-2.585855E-3	-5.520000E-4
-2.590478E-3	-5.530000E-4
-2.595620E-3	-5.540000E-4
-2.597008E-3	-5.550000E-4
-2.613601E-3	-5.560000E-4
-2.608147E-3	-5.570000E-4
-2.613908E-3	-5.580000E-4
-2.606311E-3	-5.590000E-4
-2.616602E-3	-5.600000E-4
-2.623360E-3	-5.610000E-4
-2.633806E-3	-5.620000E-4
-2.638031E-3	-5.630000E-4
-2.632583E-3	-5.640000E-4
-2.635581E-3	-5.650000E-4
-2.646867E-3	-5.660000E-4
-2.653856E-3	-5.670000E-4
-2.646029E-3	-5.680000E-4
-2.664318E-3	-5.690000E-4
-2.655253E-3	-5.700000E-4
-2.669847E-3	-5.710000E-4
-2.664932E-3	-5.720000E-4
-2.669004E-3	-5.730000E-4
-2.684594E-3	-5.740000E-4
-2.685671E-3	-5.750000E-4
-2.689742E-3	-5.760000E-4
-2.692589E-3	-5.770000E-4
-2.696273E-3	-5.780000E-4
-2.697731E-3	-5.790000E-4
-2.706726E-3	-5.800000E-4
-2.713249E-3	-5.810000E-4
-2.712407E-3	-5.820000E-4
-2.720715E-3	-5.830000E-4
-2.722475E-3	-5.840000E-4
-2.728316E-3	-5.850000E-4
-2.736683E-3	-5.860000E-4
-2.735223E-3	-5.870000E-4
-2.740147E-3	-5.880000E-4
-2.748207E-3	-5.890000E-4
-2.743068E-3	-5.900000E-4
-2.748139E-3	-5.910000E-4
-2.757128E-3	-5.920000E-4
-2.765420E-3	-5.930000E-4
-2.765579E-3	-5.940000E-4
-2.768340E-3	-5.950000E-4
-2.774261E-3	-5.960000E-4
-2.776175E-3	-5.970000E-4
-2.783862E-3	-5.980000E-4
-2.786015E-3	-5.990000E-4
-2.792697E-3	-6.000000E-4
-2.796228E-3	-6.010000E-4
-2.797616E-3	-6.020000E-4
-2.798846E-3	-6.030000E-4
-2.799151E-3	-6.040000E-4
-2.806991E-3	-6.050000E-4
-2.811674E-3	-6.060000E-4
-2.814371E-3	-6.070000E-4
-2.832030E-3	-6.080000E-4
-2.817368E-3	-6.090000E-4
-2.826738E-3	-6.100000E-4
-2.837406E-3	-6.110000E-4
-2.837408E-3	-6.120000E-4
-2.842483E-3	-6.130000E-4
-2.839335E-3	-6.140000E-4
-2.846943E-3	-6.150000E-4
-2.849099E-3	-6.160000E-4
-2.856778E-3	-6.170000E-4
-2.850639E-3	-6.180000E-4
-2.851941E-3	-6.190000E-4
-2.861626E-3	-6.200000E-4
-2.858548E-3	-6.210000E-4
-2.864007E-3	-6.220000E-4
-2.861703E-3	-6.230000E-4
-2.882282E-3	-6.240000E-4
-2.878444E-3	-6.250000E-4
-2.884353E-3	-6.260000E-4
-2.879283E-3	-6.270000E-4
-2.889199E-3	-6.280000E-4
-2.888739E-3	-6.290000E-4
-2.884209E-3	-6.300000E-4
-2.895579E-3	-6.310000E-4
-2.893192E-3	-6.320000E-4
-2.897270E-3	-6.330000E-4
-2.895188E-3	-6.340000E-4
-2.898337E-3	-6.350000E-4
-2.898186E-3	-6.360000E-4
-2.900494E-3	-6.370000E-4
-2.901807E-3	-6.380000E-4
-2.900349E-3	-6.390000E-4
-2.902113E-3	-6.400000E-4
-2.903489E-3	-6.410000E-4
-2.905186E-3	-6.420000E-4
-2.905333E-3	-6.430000E-4
-2.908949E-3	-6.440000E-4
-2.908100E-3	-6.450000E-4
-2.909561E-3	-6.460000E-4
-2.911247E-3	-6.470000E-4
-2.911403E-3	-6.480000E-4
-2.907945E-3	-6.490000E-4
-2.909176E-3	-6.500000E-4
-2.912327E-3	-6.510000E-4
-2.911939E-3	-6.520000E-4
-2.916790E-3	-6.530000E-4
-2.914398E-3	-6.540000E-4
-2.920706E-3	-6.550000E-4
-2.919233E-3	-6.560000E-4
-2.918778E-3	-6.570000E-4
-2.920621E-3	-6.580000E-4
-2.923539E-3	-6.590000E-4
-2.922319E-3	-6.600000E-4
-2.921316E-3	-6.610000E-4
-2.922777E-3	-6.620000E-4
-2.924307E-3	-6.630000E-4
-2.926616E-3	-6.640000E-4
-2.924920E-3	-6.650000E-4
-2.921783E-3	-6.660000E-4
-2.928840E-3	-6.670000E-4
-2.934683E-3	-6.680000E-4
-2.931844E-3	-6.690000E-4
-2.928463E-3	-6.700000E-4
-2.929844E-3	-6.710000E-4
-2.927383E-3	-6.720000E-4
-2.928999E-3	-6.730000E-4
-2.930998E-3	-6.740000E-4
-2.930227E-3	-6.750000E-4
-2.933073E-3	-6.760000E-4
-2.933990E-3	-6.770000E-4
-2.927686E-3	-6.780000E-4
-2.935295E-3	-6.790000E-4
-2.931994E-3	-6.800000E-4
-2.931691E-3	-6.810000E-4
-2.939448E-3	-6.820000E-4
-2.939600E-3	-6.830000E-4
-2.938830E-3	-6.840000E-4
-2.932845E-3	-6.850000E-4
-2.938064E-3	-6.860000E-4
-2.940526E-3	-6.870000E-4
-2.936365E-3	-6.880000E-4
-2.938680E-3	-6.890000E-4
-2.938669E-3	-6.900000E-4
-2.940062E-3	-6.910000E-4
-2.937525E-3	-6.920000E-4
-2.939829E-3	-6.930000E-4
-2.936374E-3	-6.940000E-4
-2.942980E-3	-6.950000E-4
-2.937522E-3	-6.960000E-4
-2.940595E-3	-6.970000E-4
-2.942211E-3	-6.980000E-4
-2.935373E-3	-6.990000E-4
-2.939532E-3	-7.000000E-4
-2.939669E-3	-7.010000E-4
-2.938372E-3	-7.020000E-4
-2.942375E-3	-7.030000E-4
-2.946136E-3	-7.040000E-4
-2.943981E-3	-7.050000E-4
-2.942678E-3	-7.060000E-4
-2.946285E-3	-7.070000E-4
-2.941983E-3	-7.080000E-4
-2.945828E-3	-7.090000E-4
-2.945901E-3	-7.100000E-4
-2.943134E-3	-7.110000E-4
-2.946287E-3	-7.120000E-4
-2.941752E-3	-7.130000E-4
-2.952192E-3	-7.140000E-4
-2.944289E-3	-7.150000E-4
-2.943981E-3	-7.160000E-4
-2.950124E-3	-7.170000E-4
-2.947975E-3	-7.180000E-4
-2.943371E-3	-7.190000E-4
-2.952893E-3	-7.200000E-4
-2.944521E-3	-7.210000E-4
-2.947749E-3	-7.220000E-4
-2.952891E-3	-7.230000E-4
-2.949356E-3	-7.240000E-4
-2.946822E-3	-7.250000E-4
-2.948208E-3	-7.260000E-4
-2.953504E-3	-7.270000E-4
-2.949119E-3	-7.280000E-4
-2.947516E-3	-7.290000E-4
-2.949747E-3	-7.300000E-4
-2.952663E-3	-7.310000E-4
-2.949134E-3	-7.320000E-4
-2.956037E-3	-7.330000E-4
-2.950276E-3	-7.340000E-4
-2.955044E-3	-7.350000E-4
-2.954502E-3	-7.360000E-4
-2.950979E-3	-7.370000E-4
-2.955581E-3	-7.380000E-4
-2.950971E-3	-7.390000E-4
-2.957276E-3	-7.400000E-4
-2.957498E-3	-7.410000E-4
-2.956578E-3	-7.420000E-4
-2.960342E-3	-7.430000E-4
-2.957348E-3	-7.440000E-4
-2.963719E-3	-7.450000E-4
-2.963564E-3	-7.460000E-4
-2.963954E-3	-7.470000E-4
-2.960961E-3	-7.480000E-4
-2.959113E-3	-7.490000E-4
-2.964414E-3	-7.500000E-4
-2.960193E-3	-7.510000E-4
-2.962643E-3	-7.520000E-4
-2.960501E-3	-7.530000E-4
-2.957503E-3	-7.540000E-4
-2.966102E-3	-7.550000E-4
-2.966333E-3	-7.560000E-4
-2.965109E-3	-7.570000E-4
-2.964801E-3	-7.580000E-4
-2.970405E-3	-7.590000E-4
-2.961351E-3	-7.600000E-4
-2.963727E-3	-7.610000E-4
-2.966949E-3	-7.620000E-4
-2.970180E-3	-7.630000E-4
-2.968411E-3	-7.640000E-4
-2.970877E-3	-7.650000E-4
-2.968257E-3	-7.660000E-4
-2.967949E-3	-7.670000E-4
-2.966874E-3	-7.680000E-4
-2.968875E-3	-7.690000E-4
-2.970336E-3	-7.700000E-4
-2.977401E-3	-7.710000E-4
-2.973176E-3	-7.720000E-4
-2.980548E-3	-7.730000E-4
-2.966879E-3	-7.740000E-4
-2.975019E-3	-7.750000E-4
-2.975863E-3	-7.760000E-4
-2.972875E-3	-7.770000E-4
-2.977253E-3	-7.780000E-4
-2.975637E-3	-7.790000E-4
-2.975331E-3	-7.800000E-4
-2.974946E-3	-7.810000E-4
-2.977934E-3	-7.820000E-4
-2.984463E-3	-7.830000E-4
-2.980473E-3	-7.840000E-4
-2.975708E-3	-7.850000E-4
-2.983846E-3	-7.860000E-4
-2.979708E-3	-7.870000E-4
-2.985461E-3	-7.880000E-4
-2.978016E-3	-7.890000E-4
-2.984849E-3	-7.900000E-4
-2.982619E-3	-7.910000E-4
-2.983468E-3	-7.920000E-4
-2.979013E-3	-7.930000E-4
-2.985234E-3	-7.940000E-4
-2.987995E-3	-7.950000E-4
-2.992067E-3	-7.960000E-4
-2.983392E-3	-7.970000E-4
-2.990992E-3	-7.980000E-4
-2.984467E-3	-7.990000E-4
-2.987384E-3	-8.000000E-4
-2.989776E-3	-8.010000E-4
-2.993144E-3	-8.020000E-4
-2.989391E-3	-8.030000E-4
-2.992991E-3	-8.040000E-4
-2.995220E-3	-8.050000E-4
-2.988235E-3	-8.060000E-4
-2.990999E-3	-8.070000E-4
-2.992149E-3	-8.080000E-4
-2.986392E-3	-8.090000E-4
-2.997456E-3	-8.100000E-4
-2.998214E-3	-8.110000E-4
-2.988928E-3	-8.120000E-4
-2.997990E-3	-8.130000E-4
-2.995454E-3	-8.140000E-4
-2.996534E-3	-8.150000E-4
-2.998843E-3	-8.160000E-4
-2.996846E-3	-8.170000E-4
-2.997684E-3	-8.180000E-4
-3.006750E-3	-8.190000E-4
-3.000289E-3	-8.200000E-4
-3.002607E-3	-8.210000E-4
-3.004758E-3	-8.220000E-4
-3.003058E-3	-8.230000E-4
-3.012893E-3	-8.240000E-4
-3.009439E-3	-8.250000E-4
-3.011513E-3	-8.260000E-4
-3.009747E-3	-8.270000E-4
-3.014280E-3	-8.280000E-4
-3.019347E-3	-8.290000E-4
-3.014814E-3	-8.300000E-4
-3.020653E-3	-8.310000E-4
-3.016509E-3	-8.320000E-4
-3.015210E-3	-8.330000E-4
-3.026109E-3	-8.340000E-4
-3.020888E-3	-8.350000E-4
-3.025887E-3	-8.360000E-4
-3.028345E-3	-8.370000E-4
-3.030039E-3	-8.380000E-4
-3.033343E-3	-8.390000E-4
-3.033571E-3	-8.400000E-4
-3.047923E-3	-8.410000E-4
-3.040484E-3	-8.420000E-4
-3.048244E-3	-8.430000E-4
-3.047172E-3	-8.440000E-4
-3.050863E-3	-8.450000E-4
-3.060455E-3	-8.460000E-4
-3.064306E-3	-8.470000E-4
-3.066754E-3	-8.480000E-4
-3.064682E-3	-8.490000E-4
-3.076902E-3	-8.500000E-4
-3.079510E-3	-8.510000E-4
-3.090341E-3	-8.520000E-4
-3.083275E-3	-8.530000E-4
-3.091652E-3	-8.540000E-4
-3.099946E-3	-8.550000E-4
-3.100569E-3	-8.560000E-4
-3.105405E-3	-8.570000E-4
-3.113702E-3	-8.580000E-4
-3.118318E-3	-8.590000E-4
-3.127069E-3	-8.600000E-4
-3.130221E-3	-8.610000E-4
-3.129452E-3	-8.620000E-4
-3.132906E-3	-8.630000E-4
-3.140290E-3	-8.640000E-4
-3.145129E-3	-8.650000E-4
-3.142900E-3	-8.660000E-4
-3.148733E-3	-8.670000E-4
-3.158108E-3	-8.680000E-4
-3.163101E-3	-8.690000E-4
-3.164406E-3	-8.700000E-4
-3.165406E-3	-8.710000E-4
-3.173554E-3	-8.720000E-4
-3.179543E-3	-8.730000E-4
-3.180851E-3	-8.740000E-4
-3.192752E-3	-8.750000E-4
-3.193143E-3	-8.760000E-4
-3.197833E-3	-8.770000E-4
-3.205742E-3	-8.780000E-4
-3.202752E-3	-8.790000E-4
-3.204213E-3	-8.800000E-4
-3.214814E-3	-8.810000E-4
-3.217420E-3	-8.820000E-4
-3.217815E-3	-8.830000E-4
-3.219960E-3	-8.840000E-4
-3.229024E-3	-8.850000E-4
-3.235325E-3	-8.860000E-4
-3.242161E-3	-8.870000E-4
-3.233561E-3	-8.880000E-4
-3.240245E-3	-8.890000E-4
-3.251838E-3	-8.900000E-4
-3.260063E-3	-8.910000E-4
-3.256909E-3	-8.920000E-4
-3.255071E-3	-8.930000E-4
-3.263599E-3	-8.940000E-4
-3.270898E-3	-8.950000E-4
-3.267593E-3	-8.960000E-4
-3.272753E-3	-8.970000E-4
-3.279887E-3	-8.980000E-4
-3.285264E-3	-8.990000E-4
-3.286036E-3	-9.000000E-4
-3.286496E-3	-9.010000E-4
-3.285873E-3	-9.020000E-4
-3.293253E-3	-9.030000E-4
-3.298718E-3	-9.040000E-4
-3.302096E-3	-9.050000E-4
-3.305089E-3	-9.060000E-4
-3.311084E-3	-9.070000E-4
-3.314539E-3	-9.080000E-4
-3.317613E-3	-9.090000E-4
-3.325976E-3	-9.100000E-4
-3.322372E-3	-9.110000E-4
-3.322605E-3	-9.120000E-4
-3.337199E-3	-9.130000E-4
-3.336357E-3	-9.140000E-4
-3.336444E-3	-9.150000E-4
-3.344127E-3	-9.160000E-4
-3.345276E-3	-9.170000E-4
-3.351191E-3	-9.180000E-4
-3.352425E-3	-9.190000E-4
-3.358722E-3	-9.200000E-4
-3.358480E-3	-9.210000E-4
-3.368238E-3	-9.220000E-4
-3.367013E-3	-9.230000E-4
-3.371314E-3	-9.240000E-4
-3.376001E-3	-9.250000E-4
-3.375244E-3	-9.260000E-4
-3.383846E-3	-9.270000E-4
-3.380160E-3	-9.280000E-4
-3.395596E-3	-9.290000E-4
-3.393448E-3	-9.300000E-4
-3.395902E-3	-9.310000E-4
-3.403973E-3	-9.320000E-4
-3.402499E-3	-9.330000E-4
-3.408815E-3	-9.340000E-4
-3.404127E-3	-9.350000E-4
-3.406978E-3	-9.360000E-4
-3.413431E-3	-9.370000E-4
-3.427471E-3	-9.380000E-4
-3.425252E-3	-9.390000E-4
-3.421799E-3	-9.400000E-4
-3.436089E-3	-9.410000E-4
-3.441005E-3	-9.420000E-4
-3.432097E-3	-9.430000E-4
-3.444159E-3	-9.440000E-4
-3.450755E-3	-9.450000E-4
-3.452757E-3	-9.460000E-4
-3.452912E-3	-9.470000E-4
-3.455221E-3	-9.480000E-4
-3.454224E-3	-9.490000E-4
-3.459295E-3	-9.500000E-4
-3.466135E-3	-9.510000E-4
-3.464828E-3	-9.520000E-4
-3.477875E-3	-9.530000E-4
-3.473042E-3	-9.540000E-4
-3.484961E-3	-9.550000E-4
-3.489874E-3	-9.560000E-4
-3.487947E-3	-9.570000E-4
-3.497177E-3	-9.580000E-4
-3.497239E-3	-9.590000E-4
-3.497320E-3	-9.600000E-4
-3.499161E-3	-9.610000E-4
-3.504695E-3	-9.620000E-4
-3.509999E-3	-9.630000E-4
-3.510611E-3	-9.640000E-4
-3.515466E-3	-9.650000E-4
-3.522217E-3	-9.660000E-4
-3.526821E-3	-9.670000E-4
-3.529685E-3	-9.680000E-4
-3.533894E-3	-9.690000E-4
-3.534815E-3	-9.700000E-4
-3.537049E-3	-9.710000E-4
-3.539968E-3	-9.720000E-4
-3.544426E-3	-9.730000E-4
-3.551025E-3	-9.740000E-4
-3.549034E-3	-9.750000E-4
-3.558933E-3	-9.760000E-4
-3.562792E-3	-9.770000E-4
-3.567698E-3	-9.780000E-4
-3.568853E-3	-9.790000E-4
-3.567858E-3	-9.800000E-4
-3.573617E-3	-9.810000E-4
-3.576078E-3	-9.820000E-4
-3.581227E-3	-9.830000E-4
-3.587214E-3	-9.840000E-4
-3.587976E-3	-9.850000E-4
-3.592522E-3	-9.860001E-4
-3.592978E-3	-9.869999E-4
-3.592444E-3	-9.880000E-4
-3.600360E-3	-9.890000E-4
-3.605352E-3	-9.900000E-4
-3.615097E-3	-9.910000E-4
-3.614725E-3	-9.920000E-4
-3.616341E-3	-9.930000E-4
-3.606366E-3	-9.940000E-4
-3.613577E-3	-9.950000E-4
-3.625944E-3	-9.960000E-4
-3.633623E-3	-9.970000E-4
-3.632091E-3	-9.980000E-4
-3.632862E-3	-9.990000E-4
-3.635548E-3	-1.000000E-3
