Meas. Voltage (V)	Meas. Current (A)	6/1/2026 2:24:45 PM
3.465540E-3	1.000000E-3
3.461932E-3	9.990000E-4
3.454096E-3	9.980000E-4
3.447488E-3	9.970000E-4
3.446258E-3	9.960000E-4
3.441813E-3	9.950000E-4
3.442036E-3	9.940000E-4
3.433203E-3	9.930000E-4
3.426972E-3	9.920000E-4
3.427968E-3	9.910000E-4
3.422903E-3	9.900000E-4
3.418835E-3	9.890000E-4
3.417067E-3	9.880000E-4
3.413147E-3	9.869999E-4
3.410305E-3	9.860001E-4
3.408689E-3	9.850000E-4
3.407308E-3	9.840000E-4
3.397394E-3	9.830000E-4
3.390703E-3	9.820000E-4
3.394551E-3	9.810000E-4
3.391556E-3	9.800000E-4
3.385255E-3	9.790000E-4
3.387102E-3	9.780000E-4
3.382264E-3	9.770000E-4
3.380036E-3	9.760000E-4
3.365360E-3	9.750000E-4
3.366665E-3	9.740000E-4
3.360972E-3	9.730000E-4
3.358829E-3	9.720000E-4
3.354520E-3	9.710000E-4
3.354986E-3	9.700000E-4
3.347608E-3	9.690000E-4
3.349678E-3	9.680000E-4
3.348375E-3	9.670000E-4
3.339166E-3	9.660000E-4
3.338166E-3	9.650000E-4
3.338166E-3	9.640000E-4
3.330011E-3	9.630000E-4
3.325940E-3	9.620000E-4
3.320409E-3	9.610000E-4
3.317948E-3	9.600000E-4
3.315732E-3	9.590000E-4
3.315491E-3	9.580000E-4
3.310579E-3	9.570000E-4
3.307812E-3	9.560000E-4
3.306508E-3	9.550000E-4
3.298901E-3	9.540000E-4
3.292751E-3	9.530000E-4
3.295820E-3	9.520000E-4
3.285757E-3	9.510000E-4
3.280842E-3	9.500000E-4
3.285227E-3	9.490000E-4
3.271934E-3	9.480000E-4
3.273392E-3	9.470000E-4
3.273011E-3	9.460000E-4
3.261786E-3	9.450000E-4
3.259328E-3	9.440000E-4
3.257479E-3	9.430000E-4
3.264260E-3	9.420000E-4
3.253871E-3	9.410000E-4
3.247427E-3	9.400000E-4
3.240502E-3	9.390000E-4
3.242580E-3	9.380000E-4
3.228742E-3	9.370000E-4
3.236670E-3	9.360000E-4
3.231451E-3	9.350000E-4
3.225751E-3	9.340000E-4
3.222687E-3	9.330000E-4
3.233213E-3	9.320000E-4
3.218924E-3	9.310000E-4
3.215457E-3	9.300000E-4
3.211395E-3	9.290000E-4
3.211471E-3	9.280000E-4
3.203478E-3	9.270000E-4
3.205787E-3	9.260000E-4
3.194414E-3	9.250000E-4
3.198182E-3	9.240000E-4
3.199331E-3	9.230000E-4
3.184046E-3	9.220000E-4
3.179648E-3	9.210000E-4
3.176522E-3	9.200000E-4
3.173824E-3	9.190000E-4
3.169901E-3	9.180000E-4
3.162672E-3	9.170000E-4
3.166058E-3	9.160000E-4
3.162676E-3	9.150000E-4
3.155307E-3	9.140000E-4
3.156763E-3	9.130000E-4
3.153240E-3	9.120000E-4
3.151390E-3	9.110000E-4
3.143696E-3	9.100000E-4
3.136789E-3	9.090000E-4
3.139092E-3	9.080000E-4
3.134099E-3	9.070000E-4
3.122109E-3	9.060000E-4
3.113724E-3	9.050000E-4
3.119724E-3	9.040000E-4
3.112189E-3	9.030000E-4
3.112816E-3	9.020000E-4
3.105287E-3	9.010000E-4
3.110901E-3	9.000000E-4
3.103206E-3	8.990000E-4
3.101514E-3	8.980000E-4
3.097145E-3	8.970000E-4
3.088461E-3	8.960000E-4
3.092917E-3	8.950000E-4
3.087697E-3	8.940000E-4
3.079242E-3	8.930000E-4
3.076477E-3	8.920000E-4
3.080320E-3	8.910000E-4
3.072414E-3	8.900000E-4
3.066412E-3	8.890000E-4
3.065792E-3	8.880000E-4
3.061878E-3	8.870000E-4
3.055113E-3	8.860000E-4
3.056268E-3	8.850000E-4
3.054044E-3	8.840000E-4
3.042980E-3	8.830000E-4
3.041828E-3	8.820000E-4
3.042059E-3	8.810000E-4
3.028614E-3	8.800000E-4
3.032306E-3	8.790000E-4
3.028465E-3	8.780000E-4
3.024231E-3	8.770000E-4
3.017083E-3	8.760000E-4
3.011861E-3	8.750000E-4
3.009407E-3	8.740000E-4
3.006252E-3	8.730000E-4
3.005487E-3	8.720000E-4
3.001729E-3	8.710000E-4
2.995120E-3	8.700000E-4
2.994577E-3	8.690000E-4
2.997733E-3	8.680000E-4
2.980748E-3	8.670000E-4
2.986048E-3	8.660000E-4
2.980526E-3	8.650000E-4
2.978602E-3	8.640000E-4
2.968689E-3	8.630000E-4
2.963457E-3	8.620000E-4
2.955085E-3	8.610000E-4
2.963844E-3	8.600000E-4
2.950781E-3	8.590000E-4
2.946629E-3	8.580000E-4
2.945939E-3	8.570000E-4
2.947251E-3	8.560000E-4
2.933265E-3	8.550000E-4
2.932571E-3	8.540000E-4
2.929572E-3	8.530000E-4
2.930965E-3	8.520000E-4
2.921202E-3	8.510000E-4
2.919053E-3	8.500000E-4
2.913444E-3	8.490000E-4
2.911295E-3	8.480000E-4
2.903915E-3	8.470000E-4
2.899923E-3	8.460000E-4
2.902530E-3	8.450000E-4
2.890465E-3	8.440000E-4
2.888015E-3	8.430000E-4
2.883252E-3	8.420000E-4
2.880098E-3	8.410000E-4
2.870108E-3	8.400000E-4
2.869499E-3	8.390000E-4
2.863962E-3	8.380000E-4
2.861277E-3	8.370000E-4
2.862590E-3	8.360000E-4
2.848825E-3	8.350000E-4
2.851290E-3	8.340000E-4
2.840532E-3	8.330000E-4
2.838152E-3	8.320000E-4
2.839997E-3	8.310000E-4
2.827777E-3	8.300000E-4
2.831540E-3	8.290000E-4
2.824707E-3	8.280000E-4
2.824392E-3	8.270000E-4
2.815726E-3	8.260000E-4
2.810342E-3	8.250000E-4
2.806877E-3	8.240000E-4
2.807494E-3	8.230000E-4
2.799662E-3	8.220000E-4
2.793359E-3	8.210000E-4
2.794438E-3	8.200000E-4
2.789597E-3	8.190000E-4
2.786749E-3	8.180000E-4
2.784373E-3	8.170000E-4
2.787204E-3	8.160000E-4
2.783531E-3	8.150000E-4
2.777685E-3	8.140000E-4
2.769625E-3	8.130000E-4
2.773307E-3	8.120000E-4
2.770846E-3	8.110000E-4
2.765627E-3	8.100000E-4
2.770078E-3	8.090000E-4
2.761394E-3	8.080000E-4
2.763087E-3	8.070000E-4
2.760331E-3	8.060000E-4
2.767848E-3	8.050000E-4
2.757170E-3	8.040000E-4
2.758101E-3	8.030000E-4
2.751094E-3	8.020000E-4
2.756554E-3	8.010000E-4
2.757172E-3	8.000000E-4
2.756558E-3	7.990000E-4
2.752176E-3	7.980000E-4
2.755022E-3	7.970000E-4
2.748343E-3	7.960000E-4
2.754335E-3	7.950000E-4
2.748645E-3	7.940000E-4
2.745883E-3	7.930000E-4
2.746416E-3	7.920000E-4
2.741883E-3	7.910000E-4
2.741577E-3	7.900000E-4
2.739800E-3	7.890000E-4
2.744423E-3	7.880000E-4
2.745108E-3	7.870000E-4
2.739956E-3	7.860000E-4
2.734040E-3	7.850000E-4
2.737955E-3	7.840000E-4
2.735200E-3	7.830000E-4
2.737961E-3	7.820000E-4
2.737812E-3	7.810000E-4
2.728513E-3	7.800000E-4
2.736821E-3	7.790000E-4
2.733890E-3	7.780000E-4
2.729434E-3	7.770000E-4
2.726666E-3	7.760000E-4
2.729286E-3	7.750000E-4
2.730127E-3	7.740000E-4
2.731589E-3	7.730000E-4
2.720822E-3	7.720000E-4
2.724737E-3	7.710000E-4
2.717520E-3	7.700000E-4
2.724825E-3	7.690000E-4
2.719059E-3	7.680000E-4
2.725439E-3	7.670000E-4
2.715909E-3	7.660000E-4
2.720061E-3	7.650000E-4
2.722286E-3	7.640000E-4
2.723979E-3	7.630000E-4
2.717979E-3	7.620000E-4
2.717061E-3	7.610000E-4
2.720061E-3	7.600000E-4
2.720530E-3	7.590000E-4
2.719061E-3	7.580000E-4
2.707225E-3	7.570000E-4
2.716605E-3	7.560000E-4
2.716377E-3	7.550000E-4
2.716139E-3	7.540000E-4
2.709530E-3	7.530000E-4
2.718066E-3	7.520000E-4
2.714761E-3	7.510000E-4
2.714067E-3	7.500000E-4
2.712456E-3	7.490000E-4
2.709226E-3	7.480000E-4
2.715756E-3	7.470000E-4
2.718221E-3	7.460000E-4
2.711922E-3	7.450000E-4
2.705611E-3	7.440000E-4
2.709225E-3	7.430000E-4
2.714068E-3	7.420000E-4
2.712147E-3	7.410000E-4
2.711311E-3	7.400000E-4
2.703307E-3	7.390000E-4
2.709612E-3	7.380000E-4
2.705229E-3	7.370000E-4
2.704928E-3	7.360000E-4
2.699702E-3	7.350000E-4
2.699320E-3	7.340000E-4
2.704929E-3	7.330000E-4
2.707767E-3	7.320000E-4
2.698313E-3	7.310000E-4
2.711073E-3	7.300000E-4
2.700081E-3	7.290000E-4
2.702620E-3	7.280000E-4
2.703616E-3	7.270000E-4
2.707084E-3	7.260000E-4
2.713608E-3	7.250000E-4
2.709157E-3	7.240000E-4
2.699855E-3	7.230000E-4
2.707308E-3	7.220000E-4
2.705539E-3	7.210000E-4
2.705781E-3	7.200000E-4
2.706003E-3	7.190000E-4
2.703085E-3	7.180000E-4
2.710538E-3	7.170000E-4
2.703930E-3	7.160000E-4
2.701394E-3	7.150000E-4
2.708616E-3	7.140000E-4
2.700087E-3	7.130000E-4
2.709932E-3	7.120000E-4
2.697941E-3	7.110000E-4
2.700932E-3	7.100000E-4
2.700012E-3	7.090000E-4
2.695167E-3	7.080000E-4
2.694473E-3	7.070000E-4
2.701164E-3	7.060000E-4
2.690398E-3	7.050000E-4
2.689635E-3	7.040000E-4
2.694560E-3	7.030000E-4
2.696245E-3	7.020000E-4
2.698789E-3	7.010000E-4
2.693483E-3	7.000000E-4
2.697478E-3	6.990000E-4
2.695945E-3	6.980000E-4
2.686564E-3	6.970000E-4
2.686486E-3	6.960000E-4
2.696403E-3	6.950000E-4
2.698547E-3	6.940000E-4
2.689867E-3	6.930000E-4
2.687023E-3	6.920000E-4
2.692095E-3	6.910000E-4
2.698486E-3	6.900000E-4
2.682414E-3	6.890000E-4
2.684799E-3	6.880000E-4
2.692558E-3	6.870000E-4
2.695719E-3	6.860000E-4
2.697475E-3	6.850000E-4
2.681409E-3	6.840000E-4
2.685336E-3	6.830000E-4
2.695180E-3	6.820000E-4
2.688636E-3	6.810000E-4
2.679727E-3	6.800000E-4
2.681875E-3	6.790000E-4
2.687643E-3	6.780000E-4
2.687260E-3	6.770000E-4
2.685258E-3	6.760000E-4
2.685721E-3	6.750000E-4
2.686726E-3	6.740000E-4
2.679340E-3	6.730000E-4
2.680881E-3	6.720000E-4
2.678419E-3	6.710000E-4
2.690104E-3	6.700000E-4
2.675345E-3	6.690000E-4
2.675037E-3	6.680000E-4
2.673887E-3	6.670000E-4
2.674956E-3	6.660000E-4
2.687409E-3	6.650000E-4
2.675655E-3	6.640000E-4
2.677498E-3	6.630000E-4
2.679423E-3	6.620000E-4
2.679805E-3	6.610000E-4
2.667974E-3	6.600000E-4
2.676350E-3	6.590000E-4
2.683728E-3	6.580000E-4
2.681345E-3	6.570000E-4
2.665445E-3	6.560000E-4
2.670200E-3	6.550000E-4
2.676040E-3	6.540000E-4
2.666436E-3	6.530000E-4
2.673351E-3	6.520000E-4
2.669894E-3	6.510000E-4
2.668740E-3	6.500000E-4
2.668360E-3	6.490000E-4
2.667663E-3	6.480000E-4
2.667058E-3	6.470000E-4
2.673737E-3	6.460000E-4
2.659596E-3	6.450000E-4
2.656293E-3	6.440000E-4
2.662829E-3	6.430000E-4
2.669359E-3	6.420000E-4
2.667135E-3	6.410000E-4
2.663673E-3	6.400000E-4
2.657141E-3	6.390000E-4
2.657135E-3	6.380000E-4
2.654225E-3	6.370000E-4
2.660599E-3	6.360000E-4
2.655686E-3	6.350000E-4
2.655374E-3	6.340000E-4
2.648310E-3	6.330000E-4
2.646692E-3	6.320000E-4
2.649076E-3	6.310000E-4
2.650145E-3	6.300000E-4
2.650155E-3	6.290000E-4
2.644387E-3	6.280000E-4
2.638086E-3	6.270000E-4
2.647460E-3	6.260000E-4
2.646079E-3	6.250000E-4
2.647926E-3	6.240000E-4
2.638775E-3	6.230000E-4
2.645386E-3	6.220000E-4
2.636016E-3	6.210000E-4
2.638244E-3	6.200000E-4
2.633785E-3	6.190000E-4
2.632861E-3	6.180000E-4
2.624488E-3	6.170000E-4
2.627642E-3	6.160000E-4
2.621723E-3	6.150000E-4
2.612120E-3	6.140000E-4
2.612115E-3	6.130000E-4
2.609962E-3	6.120000E-4
2.604515E-3	6.110000E-4
2.608358E-3	6.100000E-4
2.605978E-3	6.090000E-4
2.601897E-3	6.080000E-4
2.599744E-3	6.070000E-4
2.597595E-3	6.060000E-4
2.597444E-3	6.050000E-4
2.593067E-3	6.040000E-4
2.590457E-3	6.030000E-4
2.578003E-3	6.020000E-4
2.575388E-3	6.010000E-4
2.572858E-3	6.000000E-4
2.570630E-3	5.990000E-4
2.568015E-3	5.980000E-4
2.568258E-3	5.970000E-4
2.569323E-3	5.960000E-4
2.559882E-3	5.950000E-4
2.561264E-3	5.940000E-4
2.555116E-3	5.930000E-4
2.553655E-3	5.920000E-4
2.543351E-3	5.910000E-4
2.534434E-3	5.900000E-4
2.535668E-3	5.890000E-4
2.526377E-3	5.880000E-4
2.528214E-3	5.870000E-4
2.517845E-3	5.860000E-4
2.520848E-3	5.850000E-4
2.513778E-3	5.840000E-4
2.506015E-3	5.830000E-4
2.509086E-3	5.820000E-4
2.502867E-3	5.810000E-4
2.501410E-3	5.800000E-4
2.493263E-3	5.790000E-4
2.483194E-3	5.780000E-4
2.482658E-3	5.770000E-4
2.487504E-3	5.760000E-4
2.483431E-3	5.750000E-4
2.472367E-3	5.740000E-4
2.467137E-3	5.730000E-4
2.464149E-3	5.720000E-4
2.471527E-3	5.710000E-4
2.454383E-3	5.700000E-4
2.461460E-3	5.690000E-4
2.442707E-3	5.680000E-4
2.444015E-3	5.670000E-4
2.441942E-3	5.660000E-4
2.435638E-3	5.650000E-4
2.431109E-3	5.640000E-4
2.424725E-3	5.630000E-4
2.424578E-3	5.620000E-4
2.415282E-3	5.610000E-4
2.410750E-3	5.600000E-4
2.411132E-3	5.590000E-4
2.408522E-3	5.580000E-4
2.396381E-3	5.570000E-4
2.400685E-3	5.560000E-4
2.392234E-3	5.550000E-4
2.386468E-3	5.540000E-4
2.383165E-3	5.530000E-4
2.378555E-3	5.520000E-4
2.375788E-3	5.510000E-4
2.375027E-3	5.500000E-4
2.364954E-3	5.490000E-4
2.364882E-3	5.480000E-4
2.353890E-3	5.470000E-4
2.355509E-3	5.460000E-4
2.348205E-3	5.450000E-4
2.335453E-3	5.440000E-4
2.334683E-3	5.430000E-4
2.333449E-3	5.420000E-4
2.327076E-3	5.410000E-4
2.327313E-3	5.400000E-4
2.321395E-3	5.390000E-4
2.314938E-3	5.380000E-4
2.303260E-3	5.370000E-4
2.303262E-3	5.360000E-4
2.296268E-3	5.350000E-4
2.295507E-3	5.340000E-4
2.298045E-3	5.330000E-4
2.287203E-3	5.320000E-4
2.286518E-3	5.310000E-4
2.285132E-3	5.300000E-4
2.283215E-3	5.290000E-4
2.270380E-3	5.280000E-4
2.274074E-3	5.270000E-4
2.263312E-3	5.260000E-4
2.251020E-3	5.250000E-4
2.261168E-3	5.240000E-4
2.256477E-3	5.230000E-4
2.243955E-3	5.220000E-4
2.235807E-3	5.210000E-4
2.233955E-3	5.200000E-4
2.234266E-3	5.190000E-4
2.228127E-3	5.180000E-4
2.221896E-3	5.170000E-4
2.220216E-3	5.160000E-4
2.213296E-3	5.150000E-4
2.213763E-3	5.140000E-4
2.205615E-3	5.130000E-4
2.199927E-3	5.120000E-4
2.197313E-3	5.110000E-4
2.194630E-3	5.100000E-4
2.185096E-3	5.090000E-4
2.176650E-3	5.080000E-4
2.174112E-3	5.070000E-4
2.170497E-3	5.060000E-4
2.171500E-3	5.050000E-4
2.169117E-3	5.040000E-4
2.159904E-3	5.030000E-4
2.152829E-3	5.020000E-4
2.146370E-3	5.010000E-4
2.144839E-3	5.000000E-4
2.141993E-3	4.990000E-4
2.138158E-3	4.980000E-4
2.132395E-3	4.970000E-4
2.125940E-3	4.960000E-4
2.125403E-3	4.950000E-4
2.119103E-3	4.940000E-4
2.108191E-3	4.930000E-4
2.108348E-3	4.920000E-4
2.094746E-3	4.910000E-4
2.095515E-3	4.900000E-4
2.092516E-3	4.890000E-4
2.094371E-3	4.880000E-4
2.082608E-3	4.870000E-4
2.082000E-3	4.860000E-4
2.079536E-3	4.850000E-4
2.073550E-3	4.840000E-4
2.061176E-3	4.830000E-4
2.068170E-3	4.820000E-4
2.058489E-3	4.810000E-4
2.052880E-3	4.800000E-4
2.052954E-3	4.790000E-4
2.044963E-3	4.780000E-4
2.040582E-3	4.770000E-4
2.034359E-3	4.760000E-4
2.033205E-3	4.750000E-4
2.023604E-3	4.740000E-4
2.019923E-3	4.730000E-4
2.014152E-3	4.720000E-4
2.015920E-3	4.710000E-4
2.009626E-3	4.700000E-4
2.008624E-3	4.690000E-4
1.996709E-3	4.680000E-4
1.989722E-3	4.670000E-4
1.990032E-3	4.660000E-4
1.984190E-3	4.650000E-4
1.978895E-3	4.640000E-4
1.973968E-3	4.630000E-4
1.969520E-3	4.620000E-4
1.966827E-3	4.610000E-4
1.963373E-3	4.600000E-4
1.961910E-3	4.590000E-4
1.950616E-3	4.580000E-4
1.946772E-3	4.570000E-4
1.942083E-3	4.560000E-4
1.936244E-3	4.550000E-4
1.933943E-3	4.540000E-4
1.931024E-3	4.530000E-4
1.924338E-3	4.520000E-4
1.921650E-3	4.510000E-4
1.923419E-3	4.500000E-4
1.913050E-3	4.490000E-4
1.910128E-3	4.480000E-4
1.892299E-3	4.470000E-4
1.901218E-3	4.460000E-4
1.899679E-3	4.450000E-4
1.895379E-3	4.440000E-4
1.891384E-3	4.430000E-4
1.884775E-3	4.420000E-4
1.877706E-3	4.410000E-4
1.872784E-3	4.400000E-4
1.867260E-3	4.390000E-4
1.861111E-3	4.380000E-4
1.857506E-3	4.370000E-4
1.861113E-3	4.360000E-4
1.853736E-3	4.350000E-4
1.842748E-3	4.340000E-4
1.844823E-3	4.330000E-4
1.837062E-3	4.320000E-4
1.834298E-3	4.310000E-4
1.831147E-3	4.300000E-4
1.827075E-3	4.290000E-4
1.819854E-3	4.280000E-4
1.813089E-3	4.270000E-4
1.803105E-3	4.260000E-4
1.802720E-3	4.250000E-4
1.791497E-3	4.240000E-4
1.788966E-3	4.230000E-4
1.783432E-3	4.220000E-4
1.785744E-3	4.210000E-4
1.778287E-3	4.200000E-4
1.775907E-3	4.190000E-4
1.774217E-3	4.180000E-4
1.775443E-3	4.170000E-4
1.761773E-3	4.160000E-4
1.754237E-3	4.150000E-4
1.745321E-3	4.140000E-4
1.747093E-3	4.130000E-4
1.738178E-3	4.120000E-4
1.730724E-3	4.110000E-4
1.734490E-3	4.100000E-4
1.733186E-3	4.090000E-4
1.718360E-3	4.080000E-4
1.723734E-3	4.070000E-4
1.714366E-3	4.060000E-4
1.707833E-3	4.050000E-4
1.710449E-3	4.040000E-4
1.707375E-3	4.030000E-4
1.697079E-3	4.020000E-4
1.689775E-3	4.010000E-4
1.696777E-3	4.000000E-4
1.686094E-3	3.990000E-4
1.679331E-3	3.980000E-4
1.680482E-3	3.970000E-4
1.673723E-3	3.960000E-4
1.664040E-3	3.950000E-4
1.664045E-3	3.940000E-4
1.659052E-3	3.930000E-4
1.652520E-3	3.920000E-4
1.653825E-3	3.910000E-4
1.645684E-3	3.900000E-4
1.639072E-3	3.890000E-4
1.634387E-3	3.880000E-4
1.629475E-3	3.870000E-4
1.622779E-3	3.860000E-4
1.617019E-3	3.850000E-4
1.615872E-3	3.840000E-4
1.617632E-3	3.830000E-4
1.608958E-3	3.820000E-4
1.600966E-3	3.810000E-4
1.593895E-3	3.800000E-4
1.593127E-3	3.790000E-4
1.589821E-3	3.780000E-4
1.585368E-3	3.770000E-4
1.577989E-3	3.760000E-4
1.579227E-3	3.750000E-4
1.562545E-3	3.740000E-4
1.567930E-3	3.730000E-4
1.557861E-3	3.720000E-4
1.556786E-3	3.710000E-4
1.544726E-3	3.700000E-4
1.541956E-3	3.690000E-4
1.539268E-3	3.680000E-4
1.543499E-3	3.670000E-4
1.530816E-3	3.660000E-4
1.524747E-3	3.650000E-4
1.522827E-3	3.640000E-4
1.526367E-3	3.630000E-4
1.516302E-3	3.620000E-4
1.503851E-3	3.610000E-4
1.508002E-3	3.600000E-4
1.495935E-3	3.590000E-4
1.495786E-3	3.580000E-4
1.498016E-3	3.570000E-4
1.493022E-3	3.560000E-4
1.480109E-3	3.550000E-4
1.481571E-3	3.540000E-4
1.478269E-3	3.530000E-4
1.469131E-3	3.520000E-4
1.466669E-3	3.510000E-4
1.466436E-3	3.500000E-4
1.457909E-3	3.490000E-4
1.453222E-3	3.480000E-4
1.443543E-3	3.470000E-4
1.441160E-3	3.460000E-4
1.433165E-3	3.450000E-4
1.431328E-3	3.440000E-4
1.430945E-3	3.430000E-4
1.423185E-3	3.420000E-4
1.422029E-3	3.410000E-4
1.415349E-3	3.400000E-4
1.413805E-3	3.390000E-4
1.404588E-3	3.380000E-4
1.396981E-3	3.370000E-4
1.391605E-3	3.360000E-4
1.388221E-3	3.350000E-4
1.383458E-3	3.340000E-4
1.387074E-3	3.330000E-4
1.377010E-3	3.320000E-4
1.375778E-3	3.310000E-4
1.373089E-3	3.300000E-4
1.364790E-3	3.290000E-4
1.361252E-3	3.280000E-4
1.355190E-3	3.270000E-4
1.350577E-3	3.260000E-4
1.338439E-3	3.250000E-4
1.337286E-3	3.240000E-4
1.336287E-3	3.230000E-4
1.334597E-3	3.220000E-4
1.327763E-3	3.210000E-4
1.325529E-3	3.200000E-4
1.323461E-3	3.190000E-4
1.316771E-3	3.180000E-4
1.310162E-3	3.170000E-4
1.305706E-3	3.160000E-4
1.293950E-3	3.150000E-4
1.298795E-3	3.140000E-4
1.305023E-3	3.130000E-4
1.290040E-3	3.120000E-4
1.283814E-3	3.110000E-4
1.278586E-3	3.100000E-4
1.270441E-3	3.090000E-4
1.271905E-3	3.080000E-4
1.277823E-3	3.070000E-4
1.261915E-3	3.060000E-4
1.248851E-3	3.050000E-4
1.253541E-3	3.040000E-4
1.247245E-3	3.030000E-4
1.246933E-3	3.020000E-4
1.242092E-3	3.010000E-4
1.236791E-3	3.000000E-4
1.232410E-3	2.990000E-4
1.224190E-3	2.980000E-4
1.225882E-3	2.970000E-4
1.222504E-3	2.960000E-4
1.216892E-3	2.950000E-4
1.204289E-3	2.940000E-4
1.203907E-3	2.930000E-4
1.193843E-3	2.920000E-4
1.198149E-3	2.910000E-4
1.194000E-3	2.900000E-4
1.186390E-3	2.890000E-4
1.187006E-3	2.880000E-4
1.180784E-3	2.870000E-4
1.171565E-3	2.860000E-4
1.165036E-3	2.850000E-4
1.163805E-3	2.840000E-4
1.164647E-3	2.830000E-4
1.156121E-3	2.820000E-4
1.153892E-3	2.810000E-4
1.148361E-3	2.800000E-4
1.145979E-3	2.790000E-4
1.140063E-3	2.780000E-4
1.135837E-3	2.770000E-4
1.132996E-3	2.760000E-4
1.129462E-3	2.750000E-4
1.125930E-3	2.740000E-4
1.120704E-3	2.730000E-4
1.110639E-3	2.720000E-4
1.109638E-3	2.710000E-4
1.093809E-3	2.700000E-4
1.099268E-3	2.690000E-4
1.097501E-3	2.680000E-4
1.091970E-3	2.670000E-4
1.077832E-3	2.660000E-4
1.092123E-3	2.650000E-4
1.077449E-3	2.640000E-4
1.075529E-3	2.630000E-4
1.071378E-3	2.620000E-4
1.067078E-3	2.610000E-4
1.058932E-3	2.600000E-4
1.052862E-3	2.590000E-4
1.044028E-3	2.580000E-4
1.044335E-3	2.570000E-4
1.040722E-3	2.560000E-4
1.034271E-3	2.550000E-4
1.035191E-3	2.540000E-4
1.028198E-3	2.530000E-4
1.019286E-3	2.520000E-4
1.014140E-3	2.510000E-4
1.008068E-3	2.500000E-4
1.011989E-3	2.490000E-4
1.006997E-3	2.480000E-4
9.976987E-4	2.470000E-4
9.986985E-4	2.460000E-4
9.872519E-4	2.450000E-4
9.927070E-4	2.440000E-4
9.772622E-4	2.430000E-4
9.738044E-4	2.420000E-4
9.703469E-4	2.410000E-4
9.677358E-4	2.400000E-4
9.616644E-4	2.390000E-4
9.600532E-4	2.380000E-4
9.579000E-4	2.370000E-4
9.444574E-4	2.360000E-4
9.479907E-4	2.350000E-4
9.373855E-4	2.340000E-4
9.336977E-4	2.330000E-4
9.303946E-4	2.320000E-4
9.226359E-4	2.310000E-4
9.223301E-4	2.300000E-4
9.174874E-4	2.290000E-4
9.130328E-4	2.280000E-4
9.124166E-4	2.270000E-4
8.998183E-4	2.260000E-4
9.051951E-4	2.250000E-4
9.047394E-4	2.240000E-4
8.915967E-4	2.230000E-4
8.807640E-4	2.220000E-4
8.777656E-4	2.210000E-4
8.763852E-4	2.200000E-4
8.654757E-4	2.190000E-4
8.660152E-4	2.180000E-4
8.576390E-4	2.170000E-4
8.574072E-4	2.160000E-4
8.498786E-4	2.150000E-4
8.490333E-4	2.140000E-4
8.439636E-4	2.130000E-4
8.387413E-4	2.120000E-4
8.354349E-4	2.110000E-4
8.324381E-4	2.100000E-4
8.209133E-4	2.090000E-4
8.193006E-4	2.080000E-4
8.176861E-4	2.070000E-4
8.080048E-4	2.060000E-4
8.023971E-4	2.050000E-4
7.964050E-4	2.040000E-4
7.926433E-4	2.030000E-4
7.914897E-4	2.020000E-4
7.923337E-4	2.010000E-4
7.883365E-4	2.000000E-4
7.771216E-4	1.990000E-4
7.753560E-4	1.980000E-4
7.688240E-4	1.970000E-4
7.667479E-4	1.960000E-4
7.576064E-4	1.950000E-4
7.559919E-4	1.940000E-4
7.490017E-4	1.930000E-4
7.491529E-4	1.920000E-4
7.404747E-4	1.910000E-4
7.488490E-4	1.900000E-4
7.299466E-4	1.890000E-4
7.317116E-4	1.880000E-4
7.348662E-4	1.870000E-4
7.253391E-4	1.860000E-4
7.208058E-4	1.850000E-4
7.182710E-4	1.840000E-4
7.045938E-4	1.830000E-4
7.075904E-4	1.820000E-4
7.003683E-4	1.810000E-4
6.953744E-4	1.800000E-4
6.906884E-4	1.790000E-4
6.852319E-4	1.780000E-4
6.820846E-4	1.770000E-4
6.863866E-4	1.760000E-4
6.744003E-4	1.750000E-4
6.704062E-4	1.740000E-4
6.591871E-4	1.730000E-4
6.569606E-4	1.720000E-4
6.526582E-4	1.710000E-4
6.477408E-4	1.700000E-4
6.395958E-4	1.690000E-4
6.414391E-4	1.680000E-4
6.378299E-4	1.670000E-4
6.312217E-4	1.660000E-4
6.302986E-4	1.650000E-4
6.212320E-4	1.640000E-4
6.127818E-4	1.630000E-4
6.163165E-4	1.620000E-4
6.088626E-4	1.610000E-4
6.058702E-4	1.600000E-4
5.944207E-4	1.590000E-4
5.990303E-4	1.580000E-4
5.887350E-4	1.570000E-4
5.823579E-4	1.560000E-4
5.795165E-4	1.550000E-4
5.785914E-4	1.540000E-4
5.691430E-4	1.530000E-4
5.617669E-4	1.520000E-4
5.593082E-4	1.510000E-4
5.543158E-4	1.500000E-4
5.414826E-4	1.490000E-4
5.392553E-4	1.480000E-4
5.438664E-4	1.470000E-4
5.450195E-4	1.460000E-4
5.324170E-4	1.450000E-4
5.371069E-4	1.440000E-4
5.235823E-4	1.430000E-4
5.126720E-4	1.420000E-4
5.218162E-4	1.410000E-4
5.169003E-4	1.400000E-4
5.041452E-4	1.390000E-4
5.074491E-4	1.380000E-4
5.043762E-4	1.370000E-4
4.870117E-4	1.360000E-4
4.970797E-4	1.350000E-4
4.890874E-4	1.340000E-4
4.830163E-4	1.330000E-4
4.783311E-4	1.320000E-4
4.776404E-4	1.310000E-4
4.689574E-4	1.300000E-4
4.649630E-4	1.290000E-4
4.582788E-4	1.280000E-4
4.532841E-4	1.270000E-4
4.498275E-4	1.260000E-4
4.489800E-4	1.250000E-4
4.407618E-4	1.240000E-4
4.365351E-4	1.230000E-4
4.308483E-4	1.220000E-4
4.311568E-4	1.210000E-4
4.269322E-4	1.200000E-4
4.151761E-4	1.190000E-4
4.157140E-4	1.180000E-4
4.147156E-4	1.170000E-4
4.064940E-4	1.160000E-4
4.044977E-4	1.150000E-4
3.942791E-4	1.140000E-4
3.868255E-4	1.130000E-4
3.935104E-4	1.120000E-4
3.872875E-4	1.110000E-4
3.782217E-4	1.100000E-4
3.760690E-4	1.090000E-4
3.635462E-4	1.080000E-4
3.593968E-4	1.070000E-4
3.633152E-4	1.060000E-4
3.536335E-4	1.050000E-4
3.574007E-4	1.040000E-4
3.503330E-4	1.030000E-4
3.434933E-4	1.020000E-4
3.281274E-4	1.010000E-4
3.346576E-4	1.000000E-4
3.307418E-4	9.900000E-5
3.244409E-4	9.800000E-5
3.102274E-4	9.700000E-5
3.232128E-4	9.600000E-5
3.070013E-4	9.500000E-5
3.142236E-4	9.400000E-5
2.964745E-4	9.300000E-5
2.981674E-4	9.200000E-5
3.085393E-4	9.100000E-5
2.980139E-4	9.000000E-5
2.924040E-4	8.900000E-5
2.851053E-4	8.800000E-5
2.775751E-4	8.700000E-5
2.659745E-4	8.600000E-5
2.724288E-4	8.500000E-5
2.693543E-4	8.400000E-5
2.676627E-4	8.300000E-5
2.499948E-4	8.200000E-5
2.435402E-4	8.100000E-5
2.330910E-4	8.000000E-5
2.266366E-4	7.900000E-5
2.147273E-4	7.800000E-5
2.234094E-4	7.700000E-5
2.061979E-4	7.600000E-5
2.001292E-4	7.500000E-5
1.669410E-4	7.400000E-5
1.475788E-4	7.300000E-5
1.321360E-4	7.200000E-5
1.226863E-4	7.100000E-5
9.840855E-5	7.000000E-5
8.043028E-5	6.900000E-5
7.689667E-5	6.800000E-5
4.624050E-5	6.700000E-5
4.754692E-5	6.600000E-5
1.889001E-5	6.500000E-5
1.120662E-5	6.400000E-5
-8.692075E-6	6.300000E-5
-1.622185E-5	6.200000E-5
-3.481451E-5	6.100000E-5
-5.110230E-5	6.000000E-5
-4.672256E-5	5.900000E-5
-8.037422E-5	5.800000E-5
-7.584132E-5	5.700000E-5
-9.735359E-5	5.600000E-5
-8.605955E-5	5.500000E-5
-8.529129E-5	5.400000E-5
-1.037304E-4	5.300000E-5
-9.174494E-5	5.200000E-5
-8.337046E-5	5.100000E-5
-8.283262E-5	5.000000E-5
-8.874854E-5	4.900000E-5
-1.004268E-4	4.800000E-5
-9.958162E-5	4.700000E-5
-9.535596E-5	4.600000E-5
-1.024243E-4	4.500000E-5
-1.031926E-4	4.400000E-5
-9.182176E-5	4.300000E-5
-9.159136E-5	4.200000E-5
-9.996581E-5	4.100000E-5
-1.068805E-4	4.000000E-5
-8.982418E-5	3.900000E-5
-9.028512E-5	3.800000E-5
-9.627784E-5	3.700000E-5
-1.104146E-4	3.600000E-5
-1.120281E-4	3.500000E-5
-1.011951E-4	3.400000E-5
-9.996581E-5	3.300000E-5
-1.008109E-4	3.200000E-5
-9.404985E-5	3.100000E-5
-1.029623E-4	3.000000E-5
-9.574018E-5	2.900000E-5
-9.835238E-5	2.800000E-5
-9.428040E-5	2.700000E-5
-9.089983E-5	2.600000E-5
-9.719994E-5	2.500000E-5
-9.919748E-5	2.400000E-5
-1.076488E-4	2.300000E-5
-9.113026E-5	2.200000E-5
-9.320468E-5	2.100000E-5
-8.168021E-5	2.000000E-5
-9.358885E-5	1.900000E-5
-9.328155E-5	1.800000E-5
-1.079561E-4	1.700000E-5
-1.041915E-4	1.600000E-5
-9.581695E-5	1.500000E-5
-9.412669E-5	1.400000E-5
-9.858279E-5	1.300000E-5
-9.259015E-5	1.200000E-5
-9.981210E-5	1.100000E-5
-8.721196E-5	1.000000E-5
-1.058048E-4	9.000000E-6
-1.009646E-4	8.000000E-6
-8.644364E-5	7.000000E-6
-9.988895E-5	6.000000E-6
-9.036191E-5	5.000000E-6
-9.458762E-5	4.000000E-6
-9.105352E-5	3.000000E-6
-1.000425E-4	2.000000E-6
-9.842915E-5	1.000000E-6
-1.041915E-4	0.000000E+0
-1.021939E-4	0.000000E+0
-1.206331E-4	-1.000000E-6
-1.003499E-4	-2.000000E-6
-8.890223E-5	-3.000000E-6
-1.161770E-4	-4.000000E-6
-1.013487E-4	-5.000000E-6
-9.789132E-5	-6.000000E-6
-1.005804E-4	-7.000000E-6
-9.443400E-5	-8.000000E-6
-1.124893E-4	-9.000000E-6
-8.728875E-5	-1.000000E-5
-9.696939E-5	-1.100000E-5
-1.015024E-4	-1.200000E-5
-1.121818E-4	-1.300000E-5
-9.289737E-5	-1.400000E-5
-8.544482E-5	-1.500000E-5
-9.743042E-5	-1.600000E-5
-9.781450E-5	-1.700000E-5
-1.007341E-4	-1.800000E-5
-9.881334E-5	-1.900000E-5
-9.297419E-5	-2.000000E-5
-9.904384E-5	-2.100000E-5
-1.061122E-4	-2.200000E-5
-1.019634E-4	-2.300000E-5
-9.935116E-5	-2.400000E-5
-8.252532E-5	-2.500000E-5
-9.858284E-5	-2.600000E-5
-9.935115E-5	-2.700000E-5
-1.130269E-4	-2.800000E-5
-1.101842E-4	-2.900000E-5
-9.166817E-5	-3.000000E-5
-9.589377E-5	-3.100000E-5
-1.063427E-4	-3.200000E-5
-1.048061E-4	-3.300000E-5
-1.060354E-4	-3.400000E-5
-1.056513E-4	-3.500000E-5
-1.044220E-4	-3.600000E-5
-9.965847E-5	-3.700000E-5
-1.058817E-4	-3.800000E-5
-9.282056E-5	-3.900000E-5
-1.048061E-4	-4.000000E-5
-9.689261E-5	-4.100000E-5
-1.029622E-4	-4.200000E-5
-1.098001E-4	-4.300000E-5
-1.051134E-4	-4.400000E-5
-9.274371E-5	-4.500000E-5
-1.029621E-4	-4.600000E-5
-1.065732E-4	-4.700000E-5
-1.103378E-4	-4.800000E-5
-1.044989E-4	-4.900000E-5
-9.965858E-5	-5.000000E-5
-1.011183E-4	-5.100000E-5
-1.001963E-4	-5.200000E-5
-1.096465E-4	-5.300000E-5
-9.965839E-5	-5.400000E-5
-1.111830E-4	-5.500000E-5
-9.013141E-5	-5.600000E-5
-1.111063E-4	-5.700000E-5
-1.139489E-4	-5.800000E-5
-1.229382E-4	-5.900000E-5
-1.330031E-4	-6.000000E-5
-1.582040E-4	-6.100000E-5
-1.588187E-4	-6.200000E-5
-1.814072E-4	-6.300000E-5
-2.034579E-4	-6.400000E-5
-2.092970E-4	-6.500000E-5
-2.286587E-4	-6.600000E-5
-2.222045E-4	-6.700000E-5
-2.381092E-4	-6.800000E-5
-2.522460E-4	-6.900000E-5
-2.460230E-4	-7.000000E-5
-2.554731E-4	-7.100000E-5
-2.717621E-4	-7.200000E-5
-2.727610E-4	-7.300000E-5
-2.818273E-4	-7.400000E-5
-3.011115E-4	-7.500000E-5
-3.074119E-4	-7.600000E-5
-3.254678E-4	-7.700000E-5
-3.399121E-4	-7.800000E-5
-3.473638E-4	-7.900000E-5
-3.449828E-4	-8.000000E-5
-3.853955E-4	-8.100000E-5
-4.245023E-4	-8.200000E-5
-4.247351E-4	-8.300000E-5
-4.553121E-4	-8.400000E-5
-4.643015E-4	-8.500000E-5
-4.690668E-4	-8.600000E-5
-4.696052E-4	-8.700000E-5
-4.858157E-4	-8.800000E-5
-4.840484E-4	-8.900000E-5
-4.866604E-4	-9.000000E-5
-4.941136E-4	-9.100000E-5
-4.968037E-4	-9.200000E-5
-4.934988E-4	-9.300000E-5
-4.961122E-4	-9.400000E-5
-5.120919E-4	-9.500000E-5
-5.071001E-4	-9.600000E-5
-5.172412E-4	-9.700000E-5
-5.197753E-4	-9.800000E-5
-5.216951E-4	-9.900000E-5
-5.359870E-4	-1.000000E-4
-5.262302E-4	-1.010000E-4
-5.392126E-4	-1.020000E-4
-5.369076E-4	-1.030000E-4
-5.486658E-4	-1.040000E-4
-5.657956E-4	-1.050000E-4
-5.583449E-4	-1.060000E-4
-5.694858E-4	-1.070000E-4
-5.715604E-4	-1.080000E-4
-5.780904E-4	-1.090000E-4
-5.820093E-4	-1.100000E-4
-5.790128E-4	-1.110000E-4
-5.849296E-4	-1.120000E-4
-5.940730E-4	-1.130000E-4
-5.989877E-4	-1.140000E-4
-6.006034E-4	-1.150000E-4
-6.099763E-4	-1.160000E-4
-6.095155E-4	-1.170000E-4
-6.133564E-4	-1.180000E-4
-6.127416E-4	-1.190000E-4
-6.215013E-4	-1.200000E-4
-6.271859E-4	-1.210000E-4
-6.357919E-4	-1.220000E-4
-6.372530E-4	-1.230000E-4
-6.450106E-4	-1.240000E-4
-6.553839E-4	-1.250000E-4
-6.593004E-4	-1.260000E-4
-6.591492E-4	-1.270000E-4
-6.608391E-4	-1.280000E-4
-6.716723E-4	-1.290000E-4
-6.771287E-4	-1.300000E-4
-6.729024E-4	-1.310000E-4
-6.784345E-4	-1.320000E-4
-6.877304E-4	-1.330000E-4
-6.888825E-4	-1.340000E-4
-6.923415E-4	-1.350000E-4
-6.909585E-4	-1.360000E-4
-7.020982E-4	-1.370000E-4
-7.029438E-4	-1.380000E-4
-7.118569E-4	-1.390000E-4
-7.139297E-4	-1.400000E-4
-7.234578E-4	-1.410000E-4
-7.210757E-4	-1.420000E-4
-7.244566E-4	-1.430000E-4
-7.320641E-4	-1.440000E-4
-7.383628E-4	-1.450000E-4
-7.400515E-4	-1.460000E-4
-7.379009E-4	-1.470000E-4
-7.547276E-4	-1.480000E-4
-7.551122E-4	-1.490000E-4
-7.635651E-4	-1.500000E-4
-7.631030E-4	-1.510000E-4
-7.695577E-4	-1.520000E-4
-7.723238E-4	-1.530000E-4
-7.806228E-4	-1.540000E-4
-7.821583E-4	-1.550000E-4
-7.859219E-4	-1.560000E-4
-7.866141E-4	-1.570000E-4
-7.961409E-4	-1.580000E-4
-8.035928E-4	-1.590000E-4
-8.097403E-4	-1.600000E-4
-8.086644E-4	-1.610000E-4
-8.170368E-4	-1.620000E-4
-8.211095E-4	-1.630000E-4
-8.237239E-4	-1.640000E-4
-8.245680E-4	-1.650000E-4
-8.360925E-4	-1.660000E-4
-8.369386E-4	-1.670000E-4
-8.382449E-4	-1.680000E-4
-8.490005E-4	-1.690000E-4
-8.599863E-4	-1.700000E-4
-8.586823E-4	-1.710000E-4
-8.588356E-4	-1.720000E-4
-8.622930E-4	-1.730000E-4
-8.742776E-4	-1.740000E-4
-8.787347E-4	-1.750000E-4
-8.778113E-4	-1.760000E-4
-8.787347E-4	-1.770000E-4
-8.808108E-4	-1.780000E-4
-8.879546E-4	-1.790000E-4
-8.912602E-4	-1.800000E-4
-9.000969E-4	-1.810000E-4
-9.092378E-4	-1.820000E-4
-9.065478E-4	-1.830000E-4
-9.108528E-4	-1.840000E-4
-9.148451E-4	-1.850000E-4
-9.264473E-4	-1.860000E-4
-9.303650E-4	-1.870000E-4
-9.316742E-4	-1.880000E-4
-9.382043E-4	-1.890000E-4
-9.421983E-4	-1.900000E-4
-9.455786E-4	-1.910000E-4
-9.484232E-4	-1.920000E-4
-9.600234E-4	-1.930000E-4
-9.591785E-4	-1.940000E-4
-9.614836E-4	-1.950000E-4
-9.655565E-4	-1.960000E-4
-9.676301E-4	-1.970000E-4
-9.733149E-4	-1.980000E-4
-9.794628E-4	-1.990000E-4
-9.872988E-4	-2.000000E-4
-9.904493E-4	-2.010000E-4
-9.930583E-4	-2.020000E-4
-9.981304E-4	-2.030000E-4
-1.001128E-3	-2.040000E-4
-1.013651E-3	-2.050000E-4
-1.012421E-3	-2.060000E-4
-1.017725E-3	-2.070000E-4
-1.021335E-3	-2.080000E-4
-1.024870E-3	-2.090000E-4
-1.029096E-3	-2.100000E-4
-1.034781E-3	-2.110000E-4
-1.045843E-3	-2.120000E-4
-1.049071E-3	-2.130000E-4
-1.052837E-3	-2.140000E-4
-1.052529E-3	-2.150000E-4
-1.059134E-3	-2.160000E-4
-1.064744E-3	-2.170000E-4
-1.063980E-3	-2.180000E-4
-1.074734E-3	-2.190000E-4
-1.076271E-3	-2.200000E-4
-1.077963E-3	-2.210000E-4
-1.088410E-3	-2.220000E-4
-1.090022E-3	-2.230000E-4
-1.095634E-3	-2.240000E-4
-1.096092E-3	-2.250000E-4
-1.104315E-3	-2.260000E-4
-1.108003E-3	-2.270000E-4
-1.109385E-3	-2.280000E-4
-1.117449E-3	-2.290000E-4
-1.124979E-3	-2.300000E-4
-1.129362E-3	-2.310000E-4
-1.127286E-3	-2.320000E-4
-1.131818E-3	-2.330000E-4
-1.140346E-3	-2.340000E-4
-1.149951E-3	-2.350000E-4
-1.145035E-3	-2.360000E-4
-1.159400E-3	-2.370000E-4
-1.153024E-3	-2.380000E-4
-1.162246E-3	-2.390000E-4
-1.167083E-3	-2.400000E-4
-1.173081E-3	-2.410000E-4
-1.179148E-3	-2.420000E-4
-1.183529E-3	-2.430000E-4
-1.184834E-3	-2.440000E-4
-1.188908E-3	-2.450000E-4
-1.197510E-3	-2.460000E-4
-1.203888E-3	-2.470000E-4
-1.211725E-3	-2.480000E-4
-1.209725E-3	-2.490000E-4
-1.215105E-3	-2.500000E-4
-1.220790E-3	-2.510000E-4
-1.230547E-3	-2.520000E-4
-1.229704E-3	-2.530000E-4
-1.234850E-3	-2.540000E-4
-1.240538E-3	-2.550000E-4
-1.255594E-3	-2.560000E-4
-1.240998E-3	-2.570000E-4
-1.252983E-3	-2.580000E-4
-1.262279E-3	-2.590000E-4
-1.257517E-3	-2.600000E-4
-1.263739E-3	-2.610000E-4
-1.273034E-3	-2.620000E-4
-1.270041E-3	-2.630000E-4
-1.277877E-3	-2.640000E-4
-1.282411E-3	-2.650000E-4
-1.287711E-3	-2.660000E-4
-1.288098E-3	-2.670000E-4
-1.296549E-3	-2.680000E-4
-1.293398E-3	-2.690000E-4
-1.300544E-3	-2.700000E-4
-1.300007E-3	-2.710000E-4
-1.310145E-3	-2.720000E-4
-1.317064E-3	-2.730000E-4
-1.326821E-3	-2.740000E-4
-1.322441E-3	-2.750000E-4
-1.329201E-3	-2.760000E-4
-1.336270E-3	-2.770000E-4
-1.338653E-3	-2.780000E-4
-1.343872E-3	-2.790000E-4
-1.344799E-3	-2.800000E-4
-1.352482E-3	-2.810000E-4
-1.358089E-3	-2.820000E-4
-1.359627E-3	-2.830000E-4
-1.365622E-3	-2.840000E-4
-1.370847E-3	-2.850000E-4
-1.371379E-3	-2.860000E-4
-1.377836E-3	-2.870000E-4
-1.382064E-3	-2.880000E-4
-1.386672E-3	-2.890000E-4
-1.393895E-3	-2.900000E-4
-1.397814E-3	-2.910000E-4
-1.402962E-3	-2.920000E-4
-1.403652E-3	-2.930000E-4
-1.408722E-3	-2.940000E-4
-1.417021E-3	-2.950000E-4
-1.421243E-3	-2.960000E-4
-1.430847E-3	-2.970000E-4
-1.427853E-3	-2.980000E-4
-1.430084E-3	-2.990000E-4
-1.440915E-3	-3.000000E-4
-1.438992E-3	-3.010000E-4
-1.446063E-3	-3.020000E-4
-1.448754E-3	-3.030000E-4
-1.449521E-3	-3.040000E-4
-1.453515E-3	-3.050000E-4
-1.456593E-3	-3.060000E-4
-1.455900E-3	-3.070000E-4
-1.465122E-3	-3.080000E-4
-1.474798E-3	-3.090000E-4
-1.472113E-3	-3.100000E-4
-1.484478E-3	-3.110000E-4
-1.490702E-3	-3.120000E-4
-1.483945E-3	-3.130000E-4
-1.492621E-3	-3.140000E-4
-1.500536E-3	-3.150000E-4
-1.505455E-3	-3.160000E-4
-1.510605E-3	-3.170000E-4
-1.518741E-3	-3.180000E-4
-1.517365E-3	-3.190000E-4
-1.522204E-3	-3.200000E-4
-1.524508E-3	-3.210000E-4
-1.531654E-3	-3.220000E-4
-1.535341E-3	-3.230000E-4
-1.547096E-3	-3.240000E-4
-1.549322E-3	-3.250000E-4
-1.549096E-3	-3.260000E-4
-1.550555E-3	-3.270000E-4
-1.556622E-3	-3.280000E-4
-1.560855E-3	-3.290000E-4
-1.565384E-3	-3.300000E-4
-1.574371E-3	-3.310000E-4
-1.577753E-3	-3.320000E-4
-1.583434E-3	-3.330000E-4
-1.582057E-3	-3.340000E-4
-1.591119E-3	-3.350000E-4
-1.600573E-3	-3.360000E-4
-1.601723E-3	-3.370000E-4
-1.605335E-3	-3.380000E-4
-1.607641E-3	-3.390000E-4
-1.611943E-3	-3.400000E-4
-1.616860E-3	-3.410000E-4
-1.627847E-3	-3.420000E-4
-1.618321E-3	-3.430000E-4
-1.628231E-3	-3.440000E-4
-1.636374E-3	-3.450000E-4
-1.636225E-3	-3.460000E-4
-1.643369E-3	-3.470000E-4
-1.645056E-3	-3.480000E-4
-1.658271E-3	-3.490000E-4
-1.653126E-3	-3.500000E-4
-1.661578E-3	-3.510000E-4
-1.664958E-3	-3.520000E-4
-1.673952E-3	-3.530000E-4
-1.675793E-3	-3.540000E-4
-1.684399E-3	-3.550000E-4
-1.682938E-3	-3.560000E-4
-1.697070E-3	-3.570000E-4
-1.695918E-3	-3.580000E-4
-1.691083E-3	-3.590000E-4
-1.707524E-3	-3.600000E-4
-1.710445E-3	-3.610000E-4
-1.713437E-3	-3.620000E-4
-1.721041E-3	-3.630000E-4
-1.722587E-3	-3.640000E-4
-1.728112E-3	-3.650000E-4
-1.735873E-3	-3.660000E-4
-1.736257E-3	-3.670000E-4
-1.737102E-3	-3.680000E-4
-1.746782E-3	-3.690000E-4
-1.750779E-3	-3.700000E-4
-1.760380E-3	-3.710000E-4
-1.756927E-3	-3.720000E-4
-1.760615E-3	-3.730000E-4
-1.768837E-3	-3.740000E-4
-1.775291E-3	-3.750000E-4
-1.778361E-3	-3.760000E-4
-1.786885E-3	-3.770000E-4
-1.786581E-3	-3.780000E-4
-1.795641E-3	-3.790000E-4
-1.798952E-3	-3.800000E-4
-1.806018E-3	-3.810000E-4
-1.813699E-3	-3.820000E-4
-1.821615E-3	-3.830000E-4
-1.814086E-3	-3.840000E-4
-1.818542E-3	-3.850000E-4
-1.817700E-3	-3.860000E-4
-1.837289E-3	-3.870000E-4
-1.833988E-3	-3.880000E-4
-1.839131E-3	-3.890000E-4
-1.834144E-3	-3.900000E-4
-1.847663E-3	-3.910000E-4
-1.850737E-3	-3.920000E-4
-1.858189E-3	-3.930000E-4
-1.855350E-3	-3.940000E-4
-1.864261E-3	-3.950000E-4
-1.869719E-3	-3.960000E-4
-1.877166E-3	-3.970000E-4
-1.879473E-3	-3.980000E-4
-1.885929E-3	-3.990000E-4
-1.888004E-3	-4.000000E-4
-1.896146E-3	-4.010000E-4
-1.901751E-3	-4.020000E-4
-1.902756E-3	-4.030000E-4
-1.903371E-3	-4.040000E-4
-1.909129E-3	-4.050000E-4
-1.918502E-3	-4.060000E-4
-1.917429E-3	-4.070000E-4
-1.924191E-3	-4.080000E-4
-1.928338E-3	-4.090000E-4
-1.937631E-3	-4.100000E-4
-1.939937E-3	-4.110000E-4
-1.945317E-3	-4.120000E-4
-1.949460E-3	-4.130000E-4
-1.948007E-3	-4.140000E-4
-1.955227E-3	-4.150000E-4
-1.962604E-3	-4.160000E-4
-1.969444E-3	-4.170000E-4
-1.963531E-3	-4.180000E-4
-1.970138E-3	-4.190000E-4
-1.980658E-3	-4.200000E-4
-1.981429E-3	-4.210000E-4
-1.991648E-3	-4.220000E-4
-1.997486E-3	-4.230000E-4
-1.986429E-3	-4.240000E-4
-1.998408E-3	-4.250000E-4
-2.014310E-3	-4.260000E-4
-2.013160E-3	-4.270000E-4
-2.021917E-3	-4.280000E-4
-2.014549E-3	-4.290000E-4
-2.020229E-3	-4.300000E-4
-2.029063E-3	-4.310000E-4
-2.034673E-3	-4.320000E-4
-2.040894E-3	-4.330000E-4
-2.044047E-3	-4.340000E-4
-2.039745E-3	-4.350000E-4
-2.048737E-3	-4.360000E-4
-2.049814E-3	-4.370000E-4
-2.056804E-3	-4.380000E-4
-2.069170E-3	-4.390000E-4
-2.063645E-3	-4.400000E-4
-2.070637E-3	-4.410000E-4
-2.082238E-3	-4.420000E-4
-2.084618E-3	-4.430000E-4
-2.087687E-3	-4.440000E-4
-2.094601E-3	-4.450000E-4
-2.099211E-3	-4.460000E-4
-2.101672E-3	-4.470000E-4
-2.107823E-3	-4.480000E-4
-2.110120E-3	-4.490000E-4
-2.114505E-3	-4.500000E-4
-2.123257E-3	-4.510000E-4
-2.124948E-3	-4.520000E-4
-2.127103E-3	-4.530000E-4
-2.139391E-3	-4.540000E-4
-2.138396E-3	-4.550000E-4
-2.142623E-3	-4.560000E-4
-2.148998E-3	-4.570000E-4
-2.153764E-3	-4.580000E-4
-2.153534E-3	-4.590000E-4
-2.155684E-3	-4.600000E-4
-2.166900E-3	-4.610000E-4
-2.170590E-3	-4.620000E-4
-2.177888E-3	-4.630000E-4
-2.183493E-3	-4.640000E-4
-2.182806E-3	-4.650000E-4
-2.188722E-3	-4.660000E-4
-2.196556E-3	-4.670000E-4
-2.199318E-3	-4.680000E-4
-2.204396E-3	-4.690000E-4
-2.208004E-3	-4.700000E-4
-2.205928E-3	-4.710000E-4
-2.214766E-3	-4.720000E-4
-2.221373E-3	-4.730000E-4
-2.232354E-3	-4.740000E-4
-2.222761E-3	-4.750000E-4
-2.233969E-3	-4.760000E-4
-2.240121E-3	-4.770000E-4
-2.240964E-3	-4.780000E-4
-2.249420E-3	-4.790000E-4
-2.249726E-3	-4.800000E-4
-2.248888E-3	-4.810000E-4
-2.261250E-3	-4.820000E-4
-2.268784E-3	-4.830000E-4
-2.273698E-3	-4.840000E-4
-2.276313E-3	-4.850000E-4
-2.279158E-3	-4.860000E-4
-2.284380E-3	-4.870000E-4
-2.282844E-3	-4.880000E-4
-2.290062E-3	-4.890000E-4
-2.299898E-3	-4.900000E-4
-2.300355E-3	-4.910000E-4
-2.304352E-3	-4.920000E-4
-2.306123E-3	-4.930000E-4
-2.309350E-3	-4.940000E-4
-2.317875E-3	-4.950000E-4
-2.328553E-3	-4.960000E-4
-2.326023E-3	-4.970000E-4
-2.334474E-3	-4.980000E-4
-2.334623E-3	-4.990000E-4
-2.341231E-3	-5.000000E-4
-2.345077E-3	-5.010000E-4
-2.348296E-3	-5.020000E-4
-2.351069E-3	-5.030000E-4
-2.360672E-3	-5.040000E-4
-2.362058E-3	-5.050000E-4
-2.362517E-3	-5.060000E-4
-2.378339E-3	-5.070000E-4
-2.378958E-3	-5.080000E-4
-2.384563E-3	-5.090000E-4
-2.385259E-3	-5.100000E-4
-2.402768E-3	-5.110000E-4
-2.398007E-3	-5.120000E-4
-2.410454E-3	-5.130000E-4
-2.412066E-3	-5.140000E-4
-2.407771E-3	-5.150000E-4
-2.423593E-3	-5.160000E-4
-2.422214E-3	-5.170000E-4
-2.428816E-3	-5.180000E-4
-2.428666E-3	-5.190000E-4
-2.427521E-3	-5.200000E-4
-2.435201E-3	-5.210000E-4
-2.445183E-3	-5.220000E-4
-2.448720E-3	-5.230000E-4
-2.445113E-3	-5.240000E-4
-2.451492E-3	-5.250000E-4
-2.455025E-3	-5.260000E-4
-2.460249E-3	-5.270000E-4
-2.465323E-3	-5.280000E-4
-2.467775E-3	-5.290000E-4
-2.470466E-3	-5.300000E-4
-2.469547E-3	-5.310000E-4
-2.486751E-3	-5.320000E-4
-2.486446E-3	-5.330000E-4
-2.492361E-3	-5.340000E-4
-2.502347E-3	-5.350000E-4
-2.505727E-3	-5.360000E-4
-2.507953E-3	-5.370000E-4
-2.509648E-3	-5.380000E-4
-2.517106E-3	-5.390000E-4
-2.521942E-3	-5.400000E-4
-2.521631E-3	-5.410000E-4
-2.529238E-3	-5.420000E-4
-2.533311E-3	-5.430000E-4
-2.541838E-3	-5.440000E-4
-2.539307E-3	-5.450000E-4
-2.544301E-3	-5.460000E-4
-2.548528E-3	-5.470000E-4
-2.555514E-3	-5.480000E-4
-2.558205E-3	-5.490000E-4
-2.565275E-3	-5.500000E-4
-2.565657E-3	-5.510000E-4
-2.573413E-3	-5.520000E-4
-2.573574E-3	-5.530000E-4
-2.585478E-3	-5.540000E-4
-2.589242E-3	-5.550000E-4
-2.588166E-3	-5.560000E-4
-2.595318E-3	-5.570000E-4
-2.605915E-3	-5.580000E-4
-2.604766E-3	-5.590000E-4
-2.605690E-3	-5.600000E-4
-2.612369E-3	-5.610000E-4
-2.607385E-3	-5.620000E-4
-2.616141E-3	-5.630000E-4
-2.620830E-3	-5.640000E-4
-2.630894E-3	-5.650000E-4
-2.636959E-3	-5.660000E-4
-2.637038E-3	-5.670000E-4
-2.640033E-3	-5.680000E-4
-2.642417E-3	-5.690000E-4
-2.650098E-3	-5.700000E-4
-2.650788E-3	-5.710000E-4
-2.653946E-3	-5.720000E-4
-2.659400E-3	-5.730000E-4
-2.662546E-3	-5.740000E-4
-2.672765E-3	-5.750000E-4
-2.672924E-3	-5.760000E-4
-2.675917E-3	-5.770000E-4
-2.687206E-3	-5.780000E-4
-2.688897E-3	-5.790000E-4
-2.692275E-3	-5.800000E-4
-2.699420E-3	-5.810000E-4
-2.698354E-3	-5.820000E-4
-2.702114E-3	-5.830000E-4
-2.703883E-3	-5.840000E-4
-2.711026E-3	-5.850000E-4
-2.719859E-3	-5.860000E-4
-2.718017E-3	-5.870000E-4
-2.724162E-3	-5.880000E-4
-2.723468E-3	-5.890000E-4
-2.728087E-3	-5.900000E-4
-2.736610E-3	-5.910000E-4
-2.738609E-3	-5.920000E-4
-2.742912E-3	-5.930000E-4
-2.746138E-3	-5.940000E-4
-2.749673E-3	-5.950000E-4
-2.759812E-3	-5.960000E-4
-2.756590E-3	-5.970000E-4
-2.757891E-3	-5.980000E-4
-2.764116E-3	-5.990000E-4
-2.769651E-3	-6.000000E-4
-2.775867E-3	-6.010000E-4
-2.783407E-3	-6.020000E-4
-2.785084E-3	-6.030000E-4
-2.777711E-3	-6.040000E-4
-2.787621E-3	-6.050000E-4
-2.791852E-3	-6.060000E-4
-2.790929E-3	-6.070000E-4
-2.792777E-3	-6.080000E-4
-2.800305E-3	-6.090000E-4
-2.804677E-3	-6.100000E-4
-2.800765E-3	-6.110000E-4
-2.810059E-3	-6.120000E-4
-2.809372E-3	-6.130000E-4
-2.812054E-3	-6.140000E-4
-2.816441E-3	-6.150000E-4
-2.821509E-3	-6.160000E-4
-2.819900E-3	-6.170000E-4
-2.827880E-3	-6.180000E-4
-2.828572E-3	-6.190000E-4
-2.811451E-3	-6.200000E-4
-2.826740E-3	-6.210000E-4
-2.830729E-3	-6.220000E-4
-2.837172E-3	-6.230000E-4
-2.833264E-3	-6.240000E-4
-2.839333E-3	-6.250000E-4
-2.835953E-3	-6.260000E-4
-2.839335E-3	-6.270000E-4
-2.837108E-3	-6.280000E-4
-2.831965E-3	-6.290000E-4
-2.848557E-3	-6.300000E-4
-2.843404E-3	-6.310000E-4
-2.846477E-3	-6.320000E-4
-2.836111E-3	-6.330000E-4
-2.846942E-3	-6.340000E-4
-2.852782E-3	-6.350000E-4
-2.848557E-3	-6.360000E-4
-2.847092E-3	-6.370000E-4
-2.851621E-3	-6.380000E-4
-2.857076E-3	-6.390000E-4
-2.857542E-3	-6.400000E-4
-2.858618E-3	-6.410000E-4
-2.851475E-3	-6.420000E-4
-2.859385E-3	-6.430000E-4
-2.853778E-3	-6.440000E-4
-2.857624E-3	-6.450000E-4
-2.852015E-3	-6.460000E-4
-2.855624E-3	-6.470000E-4
-2.859848E-3	-6.480000E-4
-2.856859E-3	-6.490000E-4
-2.849329E-3	-6.500000E-4
-2.867687E-3	-6.510000E-4
-2.861006E-3	-6.520000E-4
-2.852393E-3	-6.530000E-4
-2.866223E-3	-6.540000E-4
-2.863619E-3	-6.550000E-4
-2.859086E-3	-6.560000E-4
-2.859390E-3	-6.570000E-4
-2.868685E-3	-6.580000E-4
-2.862235E-3	-6.590000E-4
-2.863231E-3	-6.600000E-4
-2.861617E-3	-6.610000E-4
-2.867452E-3	-6.620000E-4
-2.857084E-3	-6.630000E-4
-2.867302E-3	-6.640000E-4
-2.870605E-3	-6.650000E-4
-2.867002E-3	-6.660000E-4
-2.869689E-3	-6.670000E-4
-2.869996E-3	-6.680000E-4
-2.870831E-3	-6.690000E-4
-2.867153E-3	-6.700000E-4
-2.873142E-3	-6.710000E-4
-2.874678E-3	-6.720000E-4
-2.873218E-3	-6.730000E-4
-2.877445E-3	-6.740000E-4
-2.876988E-3	-6.750000E-4
-2.872833E-3	-6.760000E-4
-2.872380E-3	-6.770000E-4
-2.878132E-3	-6.780000E-4
-2.876983E-3	-6.790000E-4
-2.874838E-3	-6.800000E-4
-2.873297E-3	-6.810000E-4
-2.880893E-3	-6.820000E-4
-2.875143E-3	-6.830000E-4
-2.880904E-3	-6.840000E-4
-2.877908E-3	-6.850000E-4
-2.881738E-3	-6.860000E-4
-2.881441E-3	-6.870000E-4
-2.883357E-3	-6.880000E-4
-2.878293E-3	-6.890000E-4
-2.878985E-3	-6.900000E-4
-2.881823E-3	-6.910000E-4
-2.880897E-3	-6.920000E-4
-2.885054E-3	-6.930000E-4
-2.885358E-3	-6.940000E-4
-2.884438E-3	-6.950000E-4
-2.889814E-3	-6.960000E-4
-2.882358E-3	-6.970000E-4
-2.884667E-3	-6.980000E-4
-2.888426E-3	-6.990000E-4
-2.890733E-3	-7.000000E-4
-2.887743E-3	-7.010000E-4
-2.880516E-3	-7.020000E-4
-2.890968E-3	-7.030000E-4
-2.887899E-3	-7.040000E-4
-2.887892E-3	-7.050000E-4
-2.886205E-3	-7.060000E-4
-2.886664E-3	-7.070000E-4
-2.889355E-3	-7.080000E-4
-2.891198E-3	-7.090000E-4
-2.888357E-3	-7.100000E-4
-2.893961E-3	-7.110000E-4
-2.893734E-3	-7.120000E-4
-2.894739E-3	-7.130000E-4
-2.891275E-3	-7.140000E-4
-2.891509E-3	-7.150000E-4
-2.896420E-3	-7.160000E-4
-2.889353E-3	-7.170000E-4
-2.893348E-3	-7.180000E-4
-2.891661E-3	-7.190000E-4
-2.893962E-3	-7.200000E-4
-2.896270E-3	-7.210000E-4
-2.893042E-3	-7.220000E-4
-2.893806E-3	-7.230000E-4
-2.897268E-3	-7.240000E-4
-2.897109E-3	-7.250000E-4
-2.899874E-3	-7.260000E-4
-2.897967E-3	-7.270000E-4
-2.898493E-3	-7.280000E-4
-2.894348E-3	-7.290000E-4
-2.895266E-3	-7.300000E-4
-2.897035E-3	-7.310000E-4
-2.901949E-3	-7.320000E-4
-2.895189E-3	-7.330000E-4
-2.895574E-3	-7.340000E-4
-2.896426E-3	-7.350000E-4
-2.896727E-3	-7.360000E-4
-2.899566E-3	-7.370000E-4
-2.898722E-3	-7.380000E-4
-2.901341E-3	-7.390000E-4
-2.898800E-3	-7.400000E-4
-2.902648E-3	-7.410000E-4
-2.901488E-3	-7.420000E-4
-2.900332E-3	-7.430000E-4
-2.899113E-3	-7.440000E-4
-2.903870E-3	-7.450000E-4
-2.907400E-3	-7.460000E-4
-2.904952E-3	-7.470000E-4
-2.900645E-3	-7.480000E-4
-2.906251E-3	-7.490000E-4
-2.903957E-3	-7.500000E-4
-2.906022E-3	-7.510000E-4
-2.908558E-3	-7.520000E-4
-2.907330E-3	-7.530000E-4
-2.907717E-3	-7.540000E-4
-2.902956E-3	-7.550000E-4
-2.907795E-3	-7.560000E-4
-2.914159E-3	-7.570000E-4
-2.910559E-3	-7.580000E-4
-2.914944E-3	-7.590000E-4
-2.910024E-3	-7.600000E-4
-2.913863E-3	-7.610000E-4
-2.916546E-3	-7.620000E-4
-2.911483E-3	-7.630000E-4
-2.916237E-3	-7.640000E-4
-2.914164E-3	-7.650000E-4
-2.912943E-3	-7.660000E-4
-2.913476E-3	-7.670000E-4
-2.916550E-3	-7.680000E-4
-2.915394E-3	-7.690000E-4
-2.918007E-3	-7.700000E-4
-2.918017E-3	-7.710000E-4
-2.914401E-3	-7.720000E-4
-2.918157E-3	-7.730000E-4
-2.916863E-3	-7.740000E-4
-2.919463E-3	-7.750000E-4
-2.919468E-3	-7.760000E-4
-2.916778E-3	-7.770000E-4
-2.922698E-3	-7.780000E-4
-2.932140E-3	-7.790000E-4
-2.920475E-3	-7.800000E-4
-2.926306E-3	-7.810000E-4
-2.929612E-3	-7.820000E-4
-2.929154E-3	-7.830000E-4
-2.926299E-3	-7.840000E-4
-2.930153E-3	-7.850000E-4
-2.931533E-3	-7.860000E-4
-2.928769E-3	-7.870000E-4
-2.929617E-3	-7.880000E-4
-2.936216E-3	-7.890000E-4
-2.930837E-3	-7.900000E-4
-2.932684E-3	-7.910000E-4
-2.929385E-3	-7.920000E-4
-2.932766E-3	-7.930000E-4
-2.933992E-3	-7.940000E-4
-2.934378E-3	-7.950000E-4
-2.937985E-3	-7.960000E-4
-2.939750E-3	-7.970000E-4
-2.941903E-3	-7.980000E-4
-2.941050E-3	-7.990000E-4
-2.935613E-3	-8.000000E-4
-2.944896E-3	-8.010000E-4
-2.940142E-3	-8.020000E-4
-2.943673E-3	-8.030000E-4
-2.948818E-3	-8.040000E-4
-2.948584E-3	-8.050000E-4
-2.950819E-3	-8.060000E-4
-2.953121E-3	-8.070000E-4
-2.953041E-3	-8.080000E-4
-2.954039E-3	-8.090000E-4
-2.959041E-3	-8.100000E-4
-2.956507E-3	-8.110000E-4
-2.960269E-3	-8.120000E-4
-2.963800E-3	-8.130000E-4
-2.963263E-3	-8.140000E-4
-2.970331E-3	-8.150000E-4
-2.973331E-3	-8.160000E-4
-2.972486E-3	-8.170000E-4
-2.975329E-3	-8.180000E-4
-2.988769E-3	-8.190000E-4
-2.984241E-3	-8.200000E-4
-2.986468E-3	-8.210000E-4
-2.987087E-3	-8.220000E-4
-2.993227E-3	-8.230000E-4
-2.989920E-3	-8.240000E-4
-2.993307E-3	-8.250000E-4
-3.002984E-3	-8.260000E-4
-3.020034E-3	-8.270000E-4
-3.019733E-3	-8.280000E-4
-3.019964E-3	-8.290000E-4
-3.025570E-3	-8.300000E-4
-3.018435E-3	-8.310000E-4
-3.030029E-3	-8.320000E-4
-3.026502E-3	-8.330000E-4
-3.039561E-3	-8.340000E-4
-3.041635E-3	-8.350000E-4
-3.043859E-3	-8.360000E-4
-3.052545E-3	-8.370000E-4
-3.056851E-3	-8.380000E-4
-3.060536E-3	-8.390000E-4
-3.063456E-3	-8.400000E-4
-3.075052E-3	-8.410000E-4
-3.070447E-3	-8.420000E-4
-3.076829E-3	-8.430000E-4
-3.083971E-3	-8.440000E-4
-3.085259E-3	-8.450000E-4
-3.095725E-3	-8.460000E-4
-3.094724E-3	-8.470000E-4
-3.099638E-3	-8.480000E-4
-3.102405E-3	-8.490000E-4
-3.107401E-3	-8.500000E-4
-3.113169E-3	-8.510000E-4
-3.117925E-3	-8.520000E-4
-3.117387E-3	-8.530000E-4
-3.121156E-3	-8.540000E-4
-3.130293E-3	-8.550000E-4
-3.134675E-3	-8.560000E-4
-3.136659E-3	-8.570000E-4
-3.138367E-3	-8.580000E-4
-3.141746E-3	-8.590000E-4
-3.146432E-3	-8.600000E-4
-3.149116E-3	-8.610000E-4
-3.154422E-3	-8.620000E-4
-3.158730E-3	-8.630000E-4
-3.160494E-3	-8.640000E-4
-3.175010E-3	-8.650000E-4
-3.170255E-3	-8.660000E-4
-3.177309E-3	-8.670000E-4
-3.175700E-3	-8.680000E-4
-3.189521E-3	-8.690000E-4
-3.185001E-3	-8.700000E-4
-3.190606E-3	-8.710000E-4
-3.196902E-3	-8.720000E-4
-3.190998E-3	-8.730000E-4
-3.206203E-3	-8.740000E-4
-3.202746E-3	-8.750000E-4
-3.209048E-3	-8.760000E-4
-3.213273E-3	-8.770000E-4
-3.219115E-3	-8.780000E-4
-3.220963E-3	-8.790000E-4
-3.225791E-3	-8.800000E-4
-3.226106E-3	-8.810000E-4
-3.233942E-3	-8.820000E-4
-3.237861E-3	-8.830000E-4
-3.233181E-3	-8.840000E-4
-3.233566E-3	-8.850000E-4
-3.239322E-3	-8.860000E-4
-3.243170E-3	-8.870000E-4
-3.250541E-3	-8.880000E-4
-3.251547E-3	-8.890000E-4
-3.255535E-3	-8.900000E-4
-3.266288E-3	-8.910000E-4
-3.261996E-3	-8.920000E-4
-3.269437E-3	-8.930000E-4
-3.266757E-3	-8.940000E-4
-3.275128E-3	-8.950000E-4
-3.282664E-3	-8.960000E-4
-3.282581E-3	-8.970000E-4
-3.285347E-3	-8.980000E-4
-3.299239E-3	-8.990000E-4
-3.294101E-3	-9.000000E-4
-3.298252E-3	-9.010000E-4
-3.298793E-3	-9.020000E-4
-3.302027E-3	-9.030000E-4
-3.310001E-3	-9.040000E-4
-3.311461E-3	-9.050000E-4
-3.319153E-3	-9.060000E-4
-3.323300E-3	-9.070000E-4
-3.327752E-3	-9.080000E-4
-3.329986E-3	-9.090000E-4
-3.329907E-3	-9.100000E-4
-3.331133E-3	-9.110000E-4
-3.336673E-3	-9.120000E-4
-3.342055E-3	-9.130000E-4
-3.340746E-3	-9.140000E-4
-3.349265E-3	-9.150000E-4
-3.348195E-3	-9.160000E-4
-3.352118E-3	-9.170000E-4
-3.356559E-3	-9.180000E-4
-3.363334E-3	-9.190000E-4
-3.370780E-3	-9.200000E-4
-3.374154E-3	-9.210000E-4
-3.375691E-3	-9.220000E-4
-3.374168E-3	-9.230000E-4
-3.381686E-3	-9.240000E-4
-3.384762E-3	-9.250000E-4
-3.383461E-3	-9.260000E-4
-3.392134E-3	-9.270000E-4
-3.392989E-3	-9.280000E-4
-3.396516E-3	-9.290000E-4
-3.407195E-3	-9.300000E-4
-3.402665E-3	-9.310000E-4
-3.408276E-3	-9.320000E-4
-3.407735E-3	-9.330000E-4
-3.415424E-3	-9.340000E-4
-3.419491E-3	-9.350000E-4
-3.420114E-3	-9.360000E-4
-3.425177E-3	-9.370000E-4
-3.424185E-3	-9.380000E-4
-3.434089E-3	-9.390000E-4
-3.441538E-3	-9.400000E-4
-3.439932E-3	-9.410000E-4
-3.443620E-3	-9.420000E-4
-3.446542E-3	-9.430000E-4
-3.443851E-3	-9.440000E-4
-3.451847E-3	-9.450000E-4
-3.453463E-3	-9.460000E-4
-3.457604E-3	-9.470000E-4
-3.463289E-3	-9.480000E-4
-3.468056E-3	-9.490000E-4
-3.468824E-3	-9.500000E-4
-3.471590E-3	-9.510000E-4
-3.480353E-3	-9.520000E-4
-3.479730E-3	-9.530000E-4
-3.486718E-3	-9.540000E-4
-3.490035E-3	-9.550000E-4
-3.491563E-3	-9.560000E-4
-3.495862E-3	-9.570000E-4
-3.500171E-3	-9.580000E-4
-3.502326E-3	-9.590000E-4
-3.504692E-3	-9.600000E-4
-3.507013E-3	-9.610000E-4
-3.513298E-3	-9.620000E-4
-3.517674E-3	-9.630000E-4
-3.519224E-3	-9.640000E-4
-3.526287E-3	-9.650000E-4
-3.530519E-3	-9.660000E-4
-3.535809E-3	-9.670000E-4
-3.538342E-3	-9.680000E-4
-3.532670E-3	-9.690000E-4
-3.533901E-3	-9.700000E-4
-3.545490E-3	-9.710000E-4
-3.545033E-3	-9.720000E-4
-3.546182E-3	-9.730000E-4
-3.554726E-3	-9.740000E-4
-3.558715E-3	-9.750000E-4
-3.559010E-3	-9.760000E-4
-3.568466E-3	-9.770000E-4
-3.565779E-3	-9.780000E-4
-3.568239E-3	-9.790000E-4
-3.576690E-3	-9.800000E-4
-3.579603E-3	-9.810000E-4
-3.577694E-3	-9.820000E-4
-3.586988E-3	-9.830000E-4
-3.587901E-3	-9.840000E-4
-3.594357E-3	-9.850000E-4
-3.592443E-3	-9.860001E-4
-3.599973E-3	-9.869999E-4
-3.603041E-3	-9.880000E-4
-3.606811E-3	-9.890000E-4
-3.605504E-3	-9.900000E-4
-3.621400E-3	-9.910000E-4
-3.616191E-3	-9.920000E-4
-3.610357E-3	-9.930000E-4
-3.616498E-3	-9.940000E-4
-3.622028E-3	-9.950000E-4
-3.630778E-3	-9.960000E-4
-3.636383E-3	-9.970000E-4
-3.634555E-3	-9.980000E-4
-3.643077E-3	-9.990000E-4
-3.634095E-3	-1.000000E-3
