Meas. Voltage (V)	Meas. Current (A)	6/1/2026 2:33:31 PM
3.451155E-3	1.000000E-3
3.468390E-3	9.990000E-4
3.451325E-3	9.980000E-4
3.453718E-3	9.970000E-4
3.458634E-3	9.960000E-4
3.445031E-3	9.950000E-4
3.443033E-3	9.940000E-4
3.444036E-3	9.930000E-4
3.433115E-3	9.920000E-4
3.420504E-3	9.910000E-4
3.436281E-3	9.900000E-4
3.418749E-3	9.890000E-4
3.422438E-3	9.880000E-4
3.415900E-3	9.869999E-4
3.411913E-3	9.860001E-4
3.413909E-3	9.850000E-4
3.408466E-3	9.840000E-4
3.407845E-3	9.830000E-4
3.396163E-3	9.820000E-4
3.394091E-3	9.810000E-4
3.393012E-3	9.800000E-4
3.391790E-3	9.790000E-4
3.388336E-3	9.780000E-4
3.381179E-3	9.770000E-4
3.379729E-3	9.760000E-4
3.372967E-3	9.750000E-4
3.368740E-3	9.740000E-4
3.365974E-3	9.730000E-4
3.360125E-3	9.720000E-4
3.356902E-3	9.710000E-4
3.361823E-3	9.700000E-4
3.359670E-3	9.690000E-4
3.347832E-3	9.680000E-4
3.346071E-3	9.670000E-4
3.342535E-3	9.660000E-4
3.341850E-3	9.650000E-4
3.332928E-3	9.640000E-4
3.333011E-3	9.630000E-4
3.329015E-3	9.620000E-4
3.324716E-3	9.610000E-4
3.325555E-3	9.600000E-4
3.314948E-3	9.590000E-4
3.319493E-3	9.580000E-4
3.310497E-3	9.570000E-4
3.308271E-3	9.560000E-4
3.302118E-3	9.550000E-4
3.303048E-3	9.540000E-4
3.304972E-3	9.530000E-4
3.291135E-3	9.520000E-4
3.287600E-3	9.510000E-4
3.291134E-3	9.500000E-4
3.284223E-3	9.490000E-4
3.283923E-3	9.480000E-4
3.271238E-3	9.470000E-4
3.270315E-3	9.460000E-4
3.273011E-3	9.450000E-4
3.272399E-3	9.440000E-4
3.268172E-3	9.430000E-4
3.256098E-3	9.420000E-4
3.264870E-3	9.410000E-4
3.255726E-3	9.400000E-4
3.251643E-3	9.390000E-4
3.255802E-3	9.380000E-4
3.246203E-3	9.370000E-4
3.242048E-3	9.360000E-4
3.238511E-3	9.350000E-4
3.226600E-3	9.340000E-4
3.226685E-3	9.330000E-4
3.223529E-3	9.320000E-4
3.218913E-3	9.310000E-4
3.213694E-3	9.300000E-4
3.222696E-3	9.290000E-4
3.217314E-3	9.280000E-4
3.207009E-3	9.270000E-4
3.208704E-3	9.260000E-4
3.197324E-3	9.250000E-4
3.195102E-3	9.240000E-4
3.193866E-3	9.230000E-4
3.192259E-3	9.220000E-4
3.192411E-3	9.210000E-4
3.177899E-3	9.200000E-4
3.178817E-3	9.190000E-4
3.178043E-3	9.180000E-4
3.173128E-3	9.170000E-4
3.169749E-3	9.160000E-4
3.167984E-3	9.150000E-4
3.162064E-3	9.140000E-4
3.155310E-3	9.130000E-4
3.156909E-3	9.120000E-4
3.155691E-3	9.110000E-4
3.147920E-3	9.100000E-4
3.148240E-3	9.090000E-4
3.141636E-3	9.080000E-4
3.139709E-3	9.070000E-4
3.132487E-3	9.060000E-4
3.131562E-3	9.050000E-4
3.127327E-3	9.040000E-4
3.123343E-3	9.030000E-4
3.119342E-3	9.020000E-4
3.120194E-3	9.010000E-4
3.114039E-3	9.000000E-4
3.103362E-3	8.990000E-4
3.114352E-3	8.980000E-4
3.101439E-3	8.970000E-4
3.107442E-3	8.960000E-4
3.096376E-3	8.950000E-4
3.090612E-3	8.940000E-4
3.085621E-3	8.930000E-4
3.079081E-3	8.920000E-4
3.081467E-3	8.910000E-4
3.079322E-3	8.900000E-4
3.064873E-3	8.890000E-4
3.074485E-3	8.880000E-4
3.068794E-3	8.870000E-4
3.063180E-3	8.860000E-4
3.064035E-3	8.850000E-4
3.060264E-3	8.840000E-4
3.054743E-3	8.830000E-4
3.045671E-3	8.820000E-4
3.054584E-3	8.810000E-4
3.044599E-3	8.800000E-4
3.040589E-3	8.790000E-4
3.040910E-3	8.780000E-4
3.034382E-3	8.770000E-4
3.023463E-3	8.760000E-4
3.022230E-3	8.750000E-4
3.024387E-3	8.740000E-4
3.020926E-3	8.730000E-4
3.018006E-3	8.720000E-4
3.017015E-3	8.710000E-4
3.008403E-3	8.700000E-4
3.012019E-3	8.690000E-4
3.001879E-3	8.680000E-4
3.000107E-3	8.670000E-4
2.997574E-3	8.660000E-4
2.992577E-3	8.650000E-4
2.986580E-3	8.640000E-4
2.987504E-3	8.630000E-4
2.981757E-3	8.620000E-4
2.976363E-3	8.610000E-4
2.974826E-3	8.600000E-4
2.966685E-3	8.590000E-4
2.965305E-3	8.580000E-4
2.964236E-3	8.570000E-4
2.955778E-3	8.560000E-4
2.953559E-3	8.550000E-4
2.951398E-3	8.540000E-4
2.952018E-3	8.530000E-4
2.945411E-3	8.520000E-4
2.938502E-3	8.510000E-4
2.935952E-3	8.500000E-4
2.925422E-3	8.490000E-4
2.933422E-3	8.480000E-4
2.927357E-3	8.470000E-4
2.920587E-3	8.460000E-4
2.914748E-3	8.450000E-4
2.914672E-3	8.440000E-4
2.913823E-3	8.430000E-4
2.911293E-3	8.420000E-4
2.903226E-3	8.410000E-4
2.898606E-3	8.400000E-4
2.906758E-3	8.390000E-4
2.890703E-3	8.380000E-4
2.895005E-3	8.370000E-4
2.886402E-3	8.360000E-4
2.882557E-3	8.350000E-4
2.879256E-3	8.340000E-4
2.868949E-3	8.330000E-4
2.873342E-3	8.320000E-4
2.862117E-3	8.310000E-4
2.863660E-3	8.300000E-4
2.859901E-3	8.290000E-4
2.856055E-3	8.280000E-4
2.855434E-3	8.270000E-4
2.843221E-3	8.260000E-4
2.846909E-3	8.250000E-4
2.836383E-3	8.240000E-4
2.840841E-3	8.230000E-4
2.828781E-3	8.220000E-4
2.828241E-3	8.210000E-4
2.823784E-3	8.200000E-4
2.822485E-3	8.190000E-4
2.816488E-3	8.180000E-4
2.810115E-3	8.170000E-4
2.810040E-3	8.160000E-4
2.802272E-3	8.150000E-4
2.800742E-3	8.140000E-4
2.799518E-3	8.130000E-4
2.793207E-3	8.120000E-4
2.792359E-3	8.110000E-4
2.782983E-3	8.100000E-4
2.778683E-3	8.090000E-4
2.776302E-3	8.080000E-4
2.771767E-3	8.070000E-4
2.767853E-3	8.060000E-4
2.764011E-3	8.050000E-4
2.763707E-3	8.040000E-4
2.754800E-3	8.030000E-4
2.753181E-3	8.020000E-4
2.751411E-3	8.010000E-4
2.746257E-3	8.000000E-4
2.736282E-3	7.990000E-4
2.731589E-3	7.980000E-4
2.724359E-3	7.970000E-4
2.720518E-3	7.960000E-4
2.726210E-3	7.950000E-4
2.715525E-3	7.940000E-4
2.719217E-3	7.930000E-4
2.707384E-3	7.920000E-4
2.708304E-3	7.910000E-4
2.711916E-3	7.900000E-4
2.707930E-3	7.890000E-4
2.705620E-3	7.880000E-4
2.698240E-3	7.870000E-4
2.684873E-3	7.860000E-4
2.692018E-3	7.850000E-4
2.688335E-3	7.840000E-4
2.689332E-3	7.830000E-4
2.685649E-3	7.820000E-4
2.685336E-3	7.810000E-4
2.687949E-3	7.800000E-4
2.679266E-3	7.790000E-4
2.679420E-3	7.780000E-4
2.671434E-3	7.770000E-4
2.674039E-3	7.760000E-4
2.671815E-3	7.750000E-4
2.668822E-3	7.740000E-4
2.677733E-3	7.730000E-4
2.676128E-3	7.720000E-4
2.676581E-3	7.710000E-4
2.668437E-3	7.700000E-4
2.667592E-3	7.690000E-4
2.668130E-3	7.680000E-4
2.669285E-3	7.670000E-4
2.668746E-3	7.660000E-4
2.668130E-3	7.650000E-4
2.669203E-3	7.640000E-4
2.668668E-3	7.630000E-4
2.662295E-3	7.620000E-4
2.658912E-3	7.610000E-4
2.661750E-3	7.600000E-4
2.655910E-3	7.590000E-4
2.653997E-3	7.580000E-4
2.650996E-3	7.570000E-4
2.651142E-3	7.560000E-4
2.649913E-3	7.550000E-4
2.654380E-3	7.540000E-4
2.650769E-3	7.530000E-4
2.650226E-3	7.520000E-4
2.654762E-3	7.510000E-4
2.646149E-3	7.500000E-4
2.644543E-3	7.490000E-4
2.649843E-3	7.480000E-4
2.637703E-3	7.470000E-4
2.637701E-3	7.460000E-4
2.639240E-3	7.450000E-4
2.649153E-3	7.440000E-4
2.646159E-3	7.430000E-4
2.648540E-3	7.420000E-4
2.641239E-3	7.410000E-4
2.639323E-3	7.400000E-4
2.642008E-3	7.390000E-4
2.641397E-3	7.380000E-4
2.643859E-3	7.370000E-4
2.649315E-3	7.360000E-4
2.646084E-3	7.350000E-4
2.639392E-3	7.340000E-4
2.642700E-3	7.330000E-4
2.638548E-3	7.320000E-4
2.628174E-3	7.310000E-4
2.637935E-3	7.300000E-4
2.634323E-3	7.290000E-4
2.637015E-3	7.280000E-4
2.638089E-3	7.270000E-4
2.630248E-3	7.260000E-4
2.633170E-3	7.250000E-4
2.630256E-3	7.240000E-4
2.626798E-3	7.230000E-4
2.625099E-3	7.220000E-4
2.633947E-3	7.210000E-4
2.632553E-3	7.200000E-4
2.637706E-3	7.190000E-4
2.641701E-3	7.180000E-4
2.633095E-3	7.170000E-4
2.624491E-3	7.160000E-4
2.620497E-3	7.150000E-4
2.625569E-3	7.140000E-4
2.620575E-3	7.130000E-4
2.620491E-3	7.120000E-4
2.619646E-3	7.110000E-4
2.625409E-3	7.100000E-4
2.616958E-3	7.090000E-4
2.619727E-3	7.080000E-4
2.618039E-3	7.070000E-4
2.613880E-3	7.060000E-4
2.616270E-3	7.050000E-4
2.617419E-3	7.040000E-4
2.628942E-3	7.030000E-4
2.623565E-3	7.020000E-4
2.634940E-3	7.010000E-4
2.622191E-3	7.000000E-4
2.615192E-3	6.990000E-4
2.617332E-3	6.980000E-4
2.618184E-3	6.970000E-4
2.619033E-3	6.960000E-4
2.615195E-3	6.950000E-4
2.613351E-3	6.940000E-4
2.616881E-3	6.930000E-4
2.610662E-3	6.920000E-4
2.613499E-3	6.910000E-4
2.612655E-3	6.900000E-4
2.612271E-3	6.890000E-4
2.610351E-3	6.880000E-4
2.614502E-3	6.870000E-4
2.611736E-3	6.860000E-4
2.610967E-3	6.850000E-4
2.604518E-3	6.840000E-4
2.606204E-3	6.830000E-4
2.605669E-3	6.820000E-4
2.606203E-3	6.810000E-4
2.605585E-3	6.800000E-4
2.611734E-3	6.790000E-4
2.604125E-3	6.780000E-4
2.606130E-3	6.770000E-4
2.605126E-3	6.760000E-4
2.604747E-3	6.750000E-4
2.601585E-3	6.740000E-4
2.609591E-3	6.730000E-4
2.600518E-3	6.720000E-4
2.601589E-3	6.710000E-4
2.603974E-3	6.700000E-4
2.598061E-3	6.690000E-4
2.593139E-3	6.680000E-4
2.594297E-3	6.670000E-4
2.600209E-3	6.660000E-4
2.598065E-3	6.650000E-4
2.594911E-3	6.640000E-4
2.602901E-3	6.630000E-4
2.598677E-3	6.620000E-4
2.599830E-3	6.610000E-4
2.605667E-3	6.600000E-4
2.604974E-3	6.590000E-4
2.600445E-3	6.580000E-4
2.601128E-3	6.570000E-4
2.596216E-3	6.560000E-4
2.594144E-3	6.550000E-4
2.595451E-3	6.540000E-4
2.591220E-3	6.530000E-4
2.586995E-3	6.520000E-4
2.587303E-3	6.510000E-4
2.589377E-3	6.500000E-4
2.593833E-3	6.490000E-4
2.589225E-3	6.480000E-4
2.588070E-3	6.470000E-4
2.587991E-3	6.460000E-4
2.590914E-3	6.450000E-4
2.587377E-3	6.440000E-4
2.581158E-3	6.430000E-4
2.582924E-3	6.420000E-4
2.577318E-3	6.410000E-4
2.581387E-3	6.400000E-4
2.587534E-3	6.390000E-4
2.593527E-3	6.380000E-4
2.579925E-3	6.370000E-4
2.577162E-3	6.360000E-4
2.577005E-3	6.350000E-4
2.579004E-3	6.340000E-4
2.577929E-3	6.330000E-4
2.575622E-3	6.320000E-4
2.571474E-3	6.310000E-4
2.570866E-3	6.300000E-4
2.577162E-3	6.290000E-4
2.573397E-3	6.280000E-4
2.575007E-3	6.270000E-4
2.572319E-3	6.260000E-4
2.570242E-3	6.250000E-4
2.564324E-3	6.240000E-4
2.569631E-3	6.230000E-4
2.569708E-3	6.220000E-4
2.561869E-3	6.210000E-4
2.566717E-3	6.200000E-4
2.565633E-3	6.190000E-4
2.569169E-3	6.180000E-4
2.566485E-3	6.170000E-4
2.563948E-3	6.160000E-4
2.559336E-3	6.150000E-4
2.554798E-3	6.140000E-4
2.562026E-3	6.130000E-4
2.563033E-3	6.120000E-4
2.550807E-3	6.110000E-4
2.559569E-3	6.100000E-4
2.550039E-3	6.090000E-4
2.549729E-3	6.080000E-4
2.550430E-3	6.070000E-4
2.551198E-3	6.060000E-4
2.538588E-3	6.050000E-4
2.533285E-3	6.040000E-4
2.541129E-3	6.030000E-4
2.544741E-3	6.020000E-4
2.531212E-3	6.010000E-4
2.525222E-3	6.000000E-4
2.527372E-3	5.990000E-4
2.525989E-3	5.980000E-4
2.526068E-3	5.970000E-4
2.525457E-3	5.960000E-4
2.522841E-3	5.950000E-4
2.511395E-3	5.940000E-4
2.511082E-3	5.930000E-4
2.509165E-3	5.920000E-4
2.509013E-3	5.910000E-4
2.500256E-3	5.900000E-4
2.497494E-3	5.890000E-4
2.494492E-3	5.880000E-4
2.502957E-3	5.870000E-4
2.490727E-3	5.860000E-4
2.487804E-3	5.850000E-4
2.487427E-3	5.840000E-4
2.475816E-3	5.830000E-4
2.471979E-3	5.820000E-4
2.473984E-3	5.810000E-4
2.471905E-3	5.800000E-4
2.469135E-3	5.790000E-4
2.469523E-3	5.780000E-4
2.459383E-3	5.770000E-4
2.459462E-3	5.760000E-4
2.451005E-3	5.750000E-4
2.449934E-3	5.740000E-4
2.442400E-3	5.730000E-4
2.448169E-3	5.720000E-4
2.443484E-3	5.710000E-4
2.434184E-3	5.700000E-4
2.429339E-3	5.690000E-4
2.425422E-3	5.680000E-4
2.418505E-3	5.670000E-4
2.412512E-3	5.660000E-4
2.421502E-3	5.650000E-4
2.405749E-3	5.640000E-4
2.402381E-3	5.630000E-4
2.400684E-3	5.620000E-4
2.394689E-3	5.610000E-4
2.386239E-3	5.600000E-4
2.386164E-3	5.590000E-4
2.380474E-3	5.580000E-4
2.379094E-3	5.570000E-4
2.371943E-3	5.560000E-4
2.371799E-3	5.550000E-4
2.368265E-3	5.540000E-4
2.368952E-3	5.530000E-4
2.359274E-3	5.520000E-4
2.356970E-3	5.510000E-4
2.347978E-3	5.500000E-4
2.348365E-3	5.490000E-4
2.338678E-3	5.480000E-4
2.337755E-3	5.470000E-4
2.337224E-3	5.460000E-4
2.323543E-3	5.450000E-4
2.320775E-3	5.440000E-4
2.324932E-3	5.430000E-4
2.311943E-3	5.420000E-4
2.316631E-3	5.410000E-4
2.308259E-3	5.400000E-4
2.298497E-3	5.390000E-4
2.291968E-3	5.380000E-4
2.287657E-3	5.370000E-4
2.292501E-3	5.360000E-4
2.288900E-3	5.350000E-4
2.277062E-3	5.340000E-4
2.281143E-3	5.330000E-4
2.269691E-3	5.320000E-4
2.268999E-3	5.310000E-4
2.263156E-3	5.300000E-4
2.254087E-3	5.290000E-4
2.258782E-3	5.280000E-4
2.246182E-3	5.270000E-4
2.245262E-3	5.260000E-4
2.237109E-3	5.250000E-4
2.235118E-3	5.240000E-4
2.230659E-3	5.230000E-4
2.227051E-3	5.220000E-4
2.222514E-3	5.210000E-4
2.220437E-3	5.200000E-4
2.215302E-3	5.190000E-4
2.212996E-3	5.180000E-4
2.209376E-3	5.170000E-4
2.202237E-3	5.160000E-4
2.193316E-3	5.150000E-4
2.189930E-3	5.140000E-4
2.185872E-3	5.130000E-4
2.182409E-3	5.120000E-4
2.172190E-3	5.110000E-4
2.176725E-3	5.100000E-4
2.170505E-3	5.090000E-4
2.162898E-3	5.080000E-4
2.161588E-3	5.070000E-4
2.161203E-3	5.060000E-4
2.149758E-3	5.050000E-4
2.137690E-3	5.040000E-4
2.147070E-3	5.030000E-4
2.139156E-3	5.020000E-4
2.134161E-3	5.010000E-4
2.125170E-3	5.000000E-4
2.115105E-3	4.990000E-4
2.117106E-3	4.980000E-4
2.114262E-3	4.970000E-4
2.110345E-3	4.960000E-4
2.104505E-3	4.950000E-4
2.109584E-3	4.940000E-4
2.086214E-3	4.930000E-4
2.091521E-3	4.920000E-4
2.083837E-3	4.910000E-4
2.087222E-3	4.900000E-4
2.080152E-3	4.890000E-4
2.076621E-3	4.880000E-4
2.074625E-3	4.870000E-4
2.071240E-3	4.860000E-4
2.061026E-3	4.850000E-4
2.056411E-3	4.840000E-4
2.050031E-3	4.830000E-4
2.043430E-3	4.820000E-4
2.037741E-3	4.810000E-4
2.037590E-3	4.800000E-4
2.034744E-3	4.790000E-4
2.032599E-3	4.780000E-4
2.024299E-3	4.770000E-4
2.020533E-3	4.760000E-4
2.020225E-3	4.750000E-4
2.011077E-3	4.740000E-4
2.006706E-3	4.730000E-4
2.005935E-3	4.720000E-4
1.996254E-3	4.710000E-4
1.986109E-3	4.700000E-4
1.987726E-3	4.690000E-4
1.985956E-3	4.680000E-4
1.976662E-3	4.670000E-4
1.978127E-3	4.660000E-4
1.965442E-3	4.650000E-4
1.964601E-3	4.640000E-4
1.965209E-3	4.630000E-4
1.954994E-3	4.620000E-4
1.956923E-3	4.610000E-4
1.946471E-3	4.600000E-4
1.944702E-3	4.590000E-4
1.938709E-3	4.580000E-4
1.933639E-3	4.570000E-4
1.925875E-3	4.560000E-4
1.922345E-3	4.550000E-4
1.926108E-3	4.540000E-4
1.924880E-3	4.530000E-4
1.913509E-3	4.520000E-4
1.904903E-3	4.510000E-4
1.901910E-3	4.500000E-4
1.900831E-3	4.490000E-4
1.886845E-3	4.480000E-4
1.884846E-3	4.470000E-4
1.879705E-3	4.460000E-4
1.881010E-3	4.450000E-4
1.876708E-3	4.440000E-4
1.873713E-3	4.430000E-4
1.866949E-3	4.420000E-4
1.857426E-3	4.410000E-4
1.861115E-3	4.400000E-4
1.850200E-3	4.390000E-4
1.851127E-3	4.380000E-4
1.842756E-3	4.370000E-4
1.835988E-3	4.360000E-4
1.836680E-3	4.350000E-4
1.825997E-3	4.340000E-4
1.823998E-3	4.330000E-4
1.819698E-3	4.320000E-4
1.813707E-3	4.310000E-4
1.807869E-3	4.300000E-4
1.805954E-3	4.290000E-4
1.804025E-3	4.280000E-4
1.788965E-3	4.270000E-4
1.786358E-3	4.260000E-4
1.785203E-3	4.250000E-4
1.779208E-3	4.240000E-4
1.774987E-3	4.230000E-4
1.778596E-3	4.220000E-4
1.768455E-3	4.210000E-4
1.765381E-3	4.200000E-4
1.760540E-3	4.190000E-4
1.753009E-3	4.180000E-4
1.754012E-3	4.170000E-4
1.742101E-3	4.160000E-4
1.744171E-3	4.150000E-4
1.739410E-3	4.140000E-4
1.733883E-3	4.130000E-4
1.727425E-3	4.120000E-4
1.722509E-3	4.110000E-4
1.719130E-3	4.100000E-4
1.705220E-3	4.090000E-4
1.710368E-3	4.080000E-4
1.708757E-3	4.070000E-4
1.695925E-3	4.060000E-4
1.690852E-3	4.050000E-4
1.693470E-3	4.040000E-4
1.691781E-3	4.030000E-4
1.678564E-3	4.020000E-4
1.671875E-3	4.010000E-4
1.676333E-3	4.000000E-4
1.673031E-3	3.990000E-4
1.666656E-3	3.980000E-4
1.656822E-3	3.970000E-4
1.663123E-3	3.960000E-4
1.656594E-3	3.950000E-4
1.642679E-3	3.940000E-4
1.643221E-3	3.930000E-4
1.632767E-3	3.920000E-4
1.633313E-3	3.910000E-4
1.626855E-3	3.900000E-4
1.630468E-3	3.890000E-4
1.625319E-3	3.880000E-4
1.613639E-3	3.870000E-4
1.603574E-3	3.860000E-4
1.605497E-3	3.850000E-4
1.602809E-3	3.840000E-4
1.594740E-3	3.830000E-4
1.590129E-3	3.820000E-4
1.586823E-3	3.810000E-4
1.585913E-3	3.800000E-4
1.587521E-3	3.790000E-4
1.577225E-3	3.780000E-4
1.570234E-3	3.770000E-4
1.563398E-3	3.760000E-4
1.560406E-3	3.750000E-4
1.553332E-3	3.740000E-4
1.550027E-3	3.730000E-4
1.546030E-3	3.720000E-4
1.539500E-3	3.710000E-4
1.531201E-3	3.700000E-4
1.528818E-3	3.690000E-4
1.529207E-3	3.680000E-4
1.524134E-3	3.670000E-4
1.514146E-3	3.660000E-4
1.519447E-3	3.650000E-4
1.516529E-3	3.640000E-4
1.504925E-3	3.630000E-4
1.502242E-3	3.620000E-4
1.495401E-3	3.610000E-4
1.492096E-3	3.600000E-4
1.486801E-3	3.590000E-4
1.485183E-3	3.580000E-4
1.479268E-3	3.570000E-4
1.482265E-3	3.560000E-4
1.473583E-3	3.550000E-4
1.462518E-3	3.540000E-4
1.463898E-3	3.530000E-4
1.455141E-3	3.520000E-4
1.445618E-3	3.510000E-4
1.439389E-3	3.500000E-4
1.440391E-3	3.490000E-4
1.435474E-3	3.480000E-4
1.431480E-3	3.470000E-4
1.426332E-3	3.460000E-4
1.423336E-3	3.450000E-4
1.416422E-3	3.440000E-4
1.419264E-3	3.430000E-4
1.408662E-3	3.420000E-4
1.406969E-3	3.410000E-4
1.401210E-3	3.400000E-4
1.395985E-3	3.390000E-4
1.393449E-3	3.380000E-4
1.383999E-3	3.370000E-4
1.386076E-3	3.360000E-4
1.382847E-3	3.350000E-4
1.373241E-3	3.340000E-4
1.368789E-3	3.330000E-4
1.368945E-3	3.320000E-4
1.357720E-3	3.310000E-4
1.347348E-3	3.300000E-4
1.347503E-3	3.290000E-4
1.348272E-3	3.280000E-4
1.333132E-3	3.270000E-4
1.335590E-3	3.260000E-4
1.333985E-3	3.250000E-4
1.325454E-3	3.240000E-4
1.315234E-3	3.230000E-4
1.311470E-3	3.220000E-4
1.306475E-3	3.210000E-4
1.310550E-3	3.200000E-4
1.310936E-3	3.190000E-4
1.300715E-3	3.180000E-4
1.294414E-3	3.170000E-4
1.296184E-3	3.160000E-4
1.291650E-3	3.150000E-4
1.279821E-3	3.140000E-4
1.275440E-3	3.130000E-4
1.267832E-3	3.120000E-4
1.274133E-3	3.110000E-4
1.266912E-3	3.100000E-4
1.259761E-3	3.090000E-4
1.251466E-3	3.080000E-4
1.248086E-3	3.070000E-4
1.248394E-3	3.060000E-4
1.234258E-3	3.050000E-4
1.236179E-3	3.040000E-4
1.236335E-3	3.030000E-4
1.229418E-3	3.020000E-4
1.226268E-3	3.010000E-4
1.218199E-3	3.000000E-4
1.217590E-3	2.990000E-4
1.210590E-3	2.980000E-4
1.204059E-3	2.970000E-4
1.197990E-3	2.960000E-4
1.194838E-3	2.950000E-4
1.192155E-3	2.940000E-4
1.189693E-3	2.930000E-4
1.184851E-3	2.920000E-4
1.179398E-3	2.910000E-4
1.175481E-3	2.900000E-4
1.173329E-3	2.890000E-4
1.167879E-3	2.880000E-4
1.157965E-3	2.870000E-4
1.158197E-3	2.860000E-4
1.147669E-3	2.850000E-4
1.145902E-3	2.840000E-4
1.150745E-3	2.830000E-4
1.140905E-3	2.820000E-4
1.137452E-3	2.810000E-4
1.121159E-3	2.800000E-4
1.120546E-3	2.790000E-4
1.124854E-3	2.780000E-4
1.112327E-3	2.770000E-4
1.113330E-3	2.760000E-4
1.109794E-3	2.750000E-4
1.112868E-3	2.740000E-4
1.104188E-3	2.730000E-4
1.099037E-3	2.720000E-4
1.102880E-3	2.710000E-4
1.089357E-3	2.700000E-4
1.080368E-3	2.690000E-4
1.076983E-3	2.680000E-4
1.083369E-3	2.670000E-4
1.074377E-3	2.660000E-4
1.066540E-3	2.650000E-4
1.059931E-3	2.640000E-4
1.056319E-3	2.630000E-4
1.050329E-3	2.620000E-4
1.052785E-3	2.610000E-4
1.042877E-3	2.600000E-4
1.037493E-3	2.590000E-4
1.035424E-3	2.580000E-4
1.030277E-3	2.570000E-4
1.028278E-3	2.560000E-4
1.023361E-3	2.550000E-4
1.018210E-3	2.540000E-4
1.012988E-3	2.530000E-4
1.001920E-3	2.520000E-4
9.991595E-4	2.510000E-4
9.983159E-4	2.500000E-4
9.951637E-4	2.490000E-4
9.931653E-4	2.480000E-4
9.887862E-4	2.470000E-4
9.817942E-4	2.460000E-4
9.786477E-4	2.450000E-4
9.717295E-4	2.440000E-4
9.622785E-4	2.430000E-4
9.596671E-4	2.420000E-4
9.594351E-4	2.410000E-4
9.529056E-4	2.400000E-4
9.438390E-4	2.390000E-4
9.467604E-4	2.380000E-4
9.488332E-4	2.370000E-4
9.356948E-4	2.360000E-4
9.308576E-4	2.350000E-4
9.235573E-4	2.340000E-4
9.247143E-4	2.330000E-4
9.116470E-4	2.320000E-4
9.162596E-4	2.310000E-4
9.087325E-4	2.300000E-4
9.048881E-4	2.290000E-4
9.015101E-4	2.280000E-4
8.997411E-4	2.270000E-4
8.965947E-4	2.260000E-4
8.960569E-4	2.250000E-4
8.727756E-4	2.240000E-4
8.708558E-4	2.230000E-4
8.624022E-4	2.220000E-4
8.768464E-4	2.210000E-4
8.582532E-4	2.200000E-4
8.677036E-4	2.190000E-4
8.551009E-4	2.180000E-4
8.473436E-4	2.170000E-4
8.447312E-4	2.160000E-4
8.445777E-4	2.150000E-4
8.377398E-4	2.140000E-4
8.309788E-4	2.130000E-4
8.207614E-4	2.120000E-4
8.236027E-4	2.110000E-4
8.142289E-4	2.100000E-4
8.076986E-4	2.090000E-4
8.063160E-4	2.080000E-4
7.983251E-4	2.070000E-4
8.053151E-4	2.060000E-4
7.920283E-4	2.050000E-4
7.972535E-4	2.040000E-4
7.832673E-4	2.030000E-4
7.800410E-4	2.020000E-4
7.811930E-4	2.010000E-4
7.680541E-4	2.000000E-4
7.641354E-4	1.990000E-4
7.625995E-4	1.980000E-4
7.554559E-4	1.970000E-4
7.530716E-4	1.960000E-4
7.468501E-4	1.950000E-4
7.348628E-4	1.940000E-4
7.362479E-4	1.930000E-4
7.376309E-4	1.920000E-4
7.386302E-4	1.910000E-4
7.261052E-4	1.900000E-4
7.287213E-4	1.890000E-4
7.157349E-4	1.880000E-4
7.193458E-4	1.870000E-4
7.070536E-4	1.860000E-4
7.032878E-4	1.850000E-4
6.911455E-4	1.840000E-4
6.923794E-4	1.830000E-4
6.890762E-4	1.820000E-4
6.908441E-4	1.810000E-4
6.803151E-4	1.800000E-4
6.773198E-4	1.790000E-4
6.747853E-4	1.780000E-4
6.744745E-4	1.770000E-4
6.634905E-4	1.760000E-4
6.620290E-4	1.750000E-4
6.593431E-4	1.740000E-4
6.588052E-4	1.730000E-4
6.442818E-4	1.720000E-4
6.395174E-4	1.710000E-4
6.385203E-4	1.700000E-4
6.349103E-4	1.690000E-4
6.263045E-4	1.680000E-4
6.268434E-4	1.670000E-4
6.190055E-4	1.660000E-4
6.113983E-4	1.650000E-4
6.082498E-4	1.640000E-4
6.021020E-4	1.630000E-4
5.928077E-4	1.620000E-4
5.938053E-4	1.610000E-4
5.980298E-4	1.600000E-4
5.890430E-4	1.590000E-4
5.731374E-4	1.580000E-4
5.805918E-4	1.570000E-4
5.722931E-4	1.560000E-4
5.631497E-4	1.550000E-4
5.546986E-4	1.540000E-4
5.611536E-4	1.530000E-4
5.496293E-4	1.520000E-4
5.458641E-4	1.510000E-4
5.352590E-4	1.500000E-4
5.390252E-4	1.490000E-4
5.315728E-4	1.480000E-4
5.342623E-4	1.470000E-4
5.331119E-4	1.460000E-4
5.214324E-4	1.450000E-4
5.177445E-4	1.440000E-4
5.230467E-4	1.430000E-4
5.104451E-4	1.420000E-4
5.048362E-4	1.410000E-4
5.032243E-4	1.400000E-4
5.005342E-4	1.390000E-4
4.923917E-4	1.380000E-4
4.860142E-4	1.370000E-4
4.839392E-4	1.360000E-4
4.772538E-4	1.350000E-4
4.717254E-4	1.340000E-4
4.704952E-4	1.330000E-4
4.646547E-4	1.320000E-4
4.639624E-4	1.310000E-4
4.545903E-4	1.300000E-4
4.479065E-4	1.290000E-4
4.482896E-4	1.280000E-4
4.433721E-4	1.270000E-4
4.330781E-4	1.260000E-4
4.349210E-4	1.250000E-4
4.325396E-4	1.240000E-4
4.265464E-4	1.230000E-4
4.122571E-4	1.220000E-4
4.142549E-4	1.210000E-4
4.062647E-4	1.200000E-4
4.097990E-4	1.190000E-4
4.049584E-4	1.180000E-4
4.004251E-4	1.170000E-4
3.952008E-4	1.160000E-4
3.887485E-4	1.150000E-4
3.877479E-4	1.140000E-4
3.797578E-4	1.130000E-4
3.826008E-4	1.120000E-4
3.752245E-4	1.110000E-4
3.719990E-4	1.100000E-4
3.679264E-4	1.090000E-4
3.587831E-4	1.080000E-4
3.594759E-4	1.070000E-4
3.490271E-4	1.060000E-4
3.353481E-4	1.050000E-4
3.302011E-4	1.040000E-4
3.242850E-4	1.030000E-4
3.309729E-4	1.020000E-4
3.188324E-4	1.010000E-4
3.301268E-4	1.000000E-4
3.273619E-4	9.900000E-5
3.129173E-4	9.800000E-5
3.122272E-4	9.700000E-5
3.123788E-4	9.600000E-5
2.970133E-4	9.500000E-5
3.002399E-4	9.400000E-5
2.973212E-4	9.300000E-5
2.830299E-4	9.200000E-5
3.036972E-4	9.100000E-5
2.784196E-4	9.000000E-5
2.754243E-4	8.900000E-5
2.804192E-4	8.800000E-5
2.688163E-4	8.700000E-5
2.674347E-4	8.600000E-5
2.610566E-4	8.500000E-5
2.470731E-4	8.400000E-5
2.499934E-4	8.300000E-5
2.443846E-4	8.200000E-5
2.335514E-4	8.100000E-5
2.344752E-4	8.000000E-5
2.236398E-4	7.900000E-5
2.228719E-4	7.800000E-5
2.168797E-4	7.700000E-5
2.204134E-4	7.600000E-5
2.090438E-4	7.500000E-5
2.055089E-4	7.400000E-5
1.961350E-4	7.300000E-5
1.885278E-4	7.200000E-5
1.727017E-4	7.100000E-5
1.722412E-4	7.000000E-5
1.349017E-4	6.900000E-5
1.274507E-4	6.800000E-5
1.366696E-4	6.700000E-5
1.083965E-4	6.600000E-5
9.164810E-5	6.500000E-5
6.268307E-5	6.400000E-5
7.766508E-5	6.300000E-5
4.385871E-5	6.200000E-5
3.271881E-5	6.100000E-5
6.827163E-6	6.000000E-5
-1.430093E-5	5.900000E-5
-3.711933E-5	5.800000E-5
-5.817062E-5	5.700000E-5
-7.330573E-5	5.600000E-5
-8.198754E-5	5.500000E-5
-9.512547E-5	5.400000E-5
-1.001963E-4	5.300000E-5
-1.030390E-4	5.200000E-5
-1.000426E-4	5.100000E-5
-8.844124E-5	5.000000E-5
-9.766089E-5	4.900000E-5
-1.076488E-4	4.800000E-5
-1.006574E-4	4.700000E-5
-8.498388E-5	4.600000E-5
-8.728877E-5	4.500000E-5
-9.796814E-5	4.400000E-5
-9.858282E-5	4.300000E-5
-1.042682E-4	4.200000E-5
-1.009645E-4	4.100000E-5
-9.420350E-5	4.000000E-5
-9.988898E-5	3.900000E-5
-8.675090E-5	3.800000E-5
-1.153319E-4	3.700000E-5
-1.005804E-4	3.600000E-5
-9.466452E-5	3.500000E-5
-9.051567E-5	3.400000E-5
-9.220590E-5	3.300000E-5
-9.036193E-5	3.200000E-5
-9.704629E-5	3.100000E-5
-1.082635E-4	3.000000E-5
-1.004269E-4	2.900000E-5
-9.696939E-5	2.800000E-5
-9.435721E-5	2.700000E-5
-9.489489E-5	2.600000E-5
-1.017330E-4	2.500000E-5
-1.041916E-4	2.400000E-5
-8.982428E-5	2.300000E-5
-1.066500E-4	2.200000E-5
-9.589374E-5	2.100000E-5
-9.312787E-5	2.000000E-5
-1.001962E-4	1.900000E-5
-8.974736E-5	1.800000E-5
-9.589376E-5	1.700000E-5
-1.041146E-4	1.600000E-5
-8.705828E-5	1.500000E-5
-8.936321E-5	1.400000E-5
-9.343515E-5	1.300000E-5
-1.038073E-4	1.200000E-5
-9.174487E-5	1.100000E-5
-9.712314E-5	1.000000E-5
-9.704634E-5	9.000000E-6
-9.489504E-5	8.000000E-6
-1.053439E-4	7.000000E-6
-8.037411E-5	6.000000E-6
-9.504862E-5	5.000000E-6
-9.366558E-5	4.000000E-6
-9.443395E-5	3.000000E-6
-9.297427E-5	2.000000E-6
-9.443413E-5	1.000000E-6
-1.035767E-4	0.000000E+0
-9.251326E-5	0.000000E+0
-9.819878E-5	-1.000000E-6
-9.835239E-5	-2.000000E-6
-9.996574E-5	-3.000000E-6
-7.929833E-5	-4.000000E-6
-9.865960E-5	-5.000000E-6
-1.060354E-4	-6.000000E-6
-1.005036E-4	-7.000000E-6
-8.444606E-5	-8.000000E-6
-9.896699E-5	-9.000000E-6
-9.189853E-5	-1.000000E-5
-9.259000E-5	-1.100000E-5
-1.050366E-4	-1.200000E-5
-9.381936E-5	-1.300000E-5
-1.124123E-4	-1.400000E-5
-1.039609E-4	-1.500000E-5
-1.026549E-4	-1.600000E-5
-9.074608E-5	-1.700000E-5
-1.063427E-4	-1.800000E-5
-1.079561E-4	-1.900000E-5
-9.374255E-5	-2.000000E-5
-9.804497E-5	-2.100000E-5
-1.116441E-4	-2.200000E-5
-9.120716E-5	-2.300000E-5
-1.071110E-4	-2.400000E-5
-9.881332E-5	-2.500000E-5
-1.001963E-4	-2.600000E-5
-1.013487E-4	-2.700000E-5
-1.017328E-4	-2.800000E-5
-1.004269E-4	-2.900000E-5
-9.220593E-5	-3.000000E-5
-8.513764E-5	-3.100000E-5
-8.006668E-5	-3.200000E-5
-1.032695E-4	-3.300000E-5
-1.026549E-4	-3.400000E-5
-9.643165E-5	-3.500000E-5
-1.031927E-4	-3.600000E-5
-1.082635E-4	-3.700000E-5
-9.896696E-5	-3.800000E-5
-1.158697E-4	-3.900000E-5
-9.620108E-5	-4.000000E-5
-9.950480E-5	-4.100000E-5
-9.120711E-5	-4.200000E-5
-1.032695E-4	-4.300000E-5
-1.037305E-4	-4.400000E-5
-1.046524E-4	-4.500000E-5
-1.012720E-4	-4.600000E-5
-1.044219E-4	-4.700000E-5
-9.335829E-5	-4.800000E-5
-9.435714E-5	-4.900000E-5
-9.696945E-5	-5.000000E-5
-1.065733E-4	-5.100000E-5
-9.212919E-5	-5.200000E-5
-1.027317E-4	-5.300000E-5
-1.144099E-4	-5.400000E-5
-9.743041E-5	-5.500000E-5
-1.026549E-4	-5.600000E-5
-1.193272E-4	-5.700000E-5
-1.255506E-4	-5.800000E-5
-1.313897E-4	-5.900000E-5
-1.575126E-4	-6.000000E-5
-1.477548E-4	-6.100000E-5
-1.610469E-4	-6.200000E-5
-1.747996E-4	-6.300000E-5
-1.950066E-4	-6.400000E-5
-2.005381E-4	-6.500000E-5
-2.039957E-4	-6.600000E-5
-2.174417E-4	-6.700000E-5
-2.384164E-4	-6.800000E-5
-2.549356E-4	-6.900000E-5
-2.718385E-4	-7.000000E-5
-2.942734E-4	-7.100000E-5
-3.166322E-4	-7.200000E-5
-3.354559E-4	-7.300000E-5
-3.578899E-4	-7.400000E-5
-3.787120E-4	-7.500000E-5
-4.036818E-4	-7.600000E-5
-4.008391E-4	-7.700000E-5
-4.284221E-4	-7.800000E-5
-4.281916E-4	-7.900000E-5
-4.362584E-4	-8.000000E-5
-4.440948E-4	-8.100000E-5
-4.321866E-4	-8.200000E-5
-4.643010E-4	-8.300000E-5
-4.401004E-4	-8.400000E-5
-4.623805E-4	-8.500000E-5
-4.659918E-4	-8.600000E-5
-4.808200E-4	-8.700000E-5
-4.603842E-4	-8.800000E-5
-4.677619E-4	-8.900000E-5
-4.866613E-4	-9.000000E-5
-4.762117E-4	-9.100000E-5
-4.924999E-4	-9.200000E-5
-4.787476E-4	-9.300000E-5
-4.918864E-4	-9.400000E-5
-4.885832E-4	-9.500000E-5
-5.096329E-4	-9.600000E-5
-5.117069E-4	-9.700000E-5
-5.137064E-4	-9.800000E-5
-5.212370E-4	-9.900000E-5
-5.143205E-4	-1.000000E-4
-5.230811E-4	-1.010000E-4
-5.313004E-4	-1.020000E-4
-5.421335E-4	-1.030000E-4
-5.429036E-4	-1.040000E-4
-5.393672E-4	-1.050000E-4
-5.478195E-4	-1.060000E-4
-5.551961E-4	-1.070000E-4
-5.662586E-4	-1.080000E-4
-5.600358E-4	-1.090000E-4
-5.697162E-4	-1.100000E-4
-5.737115E-4	-1.110000E-4
-5.773232E-4	-1.120000E-4
-5.789362E-4	-1.130000E-4
-5.822406E-4	-1.140000E-4
-5.888484E-4	-1.150000E-4
-5.982991E-4	-1.160000E-4
-5.972221E-4	-1.170000E-4
-6.052127E-4	-1.180000E-4
-6.130504E-4	-1.190000E-4
-6.157378E-4	-1.200000E-4
-6.173521E-4	-1.210000E-4
-6.217314E-4	-1.220000E-4
-6.270341E-4	-1.230000E-4
-6.340247E-4	-1.240000E-4
-6.349467E-4	-1.250000E-4
-6.304916E-4	-1.260000E-4
-6.330268E-4	-1.270000E-4
-6.511588E-4	-1.280000E-4
-6.483169E-4	-1.290000E-4
-6.531573E-4	-1.300000E-4
-6.589201E-4	-1.310000E-4
-6.672163E-4	-1.320000E-4
-6.756677E-4	-1.330000E-4
-6.847334E-4	-1.340000E-4
-6.838117E-4	-1.350000E-4
-6.795113E-4	-1.360000E-4
-6.954142E-4	-1.370000E-4
-6.934938E-4	-1.380000E-4
-6.960290E-4	-1.390000E-4
-6.969514E-4	-1.400000E-4
-7.027900E-4	-1.410000E-4
-7.108586E-4	-1.420000E-4
-7.117802E-4	-1.430000E-4
-7.172353E-4	-1.440000E-4
-7.273747E-4	-1.450000E-4
-7.253788E-4	-1.460000E-4
-7.314483E-4	-1.470000E-4
-7.365193E-4	-1.480000E-4
-7.431264E-4	-1.490000E-4
-7.510385E-4	-1.500000E-4
-7.475839E-4	-1.510000E-4
-7.554186E-4	-1.520000E-4
-7.542673E-4	-1.530000E-4
-7.639478E-4	-1.540000E-4
-7.694787E-4	-1.550000E-4
-7.713235E-4	-1.560000E-4
-7.767018E-4	-1.570000E-4
-7.793903E-4	-1.580000E-4
-7.866921E-4	-1.590000E-4
-7.870744E-4	-1.600000E-4
-7.965237E-4	-1.610000E-4
-7.988280E-4	-1.620000E-4
-8.070497E-4	-1.630000E-4
-8.137349E-4	-1.640000E-4
-8.146567E-4	-1.650000E-4
-8.227228E-4	-1.660000E-4
-8.232628E-4	-1.670000E-4
-8.350947E-4	-1.680000E-4
-8.304853E-4	-1.690000E-4
-8.367845E-4	-1.700000E-4
-8.374015E-4	-1.710000E-4
-8.463126E-4	-1.720000E-4
-8.500760E-4	-1.730000E-4
-8.541492E-4	-1.740000E-4
-8.626767E-4	-1.750000E-4
-8.645987E-4	-1.760000E-4
-8.666730E-4	-1.770000E-4
-8.715902E-4	-1.780000E-4
-8.752004E-4	-1.790000E-4
-8.786590E-4	-1.800000E-4
-8.837295E-4	-1.810000E-4
-8.964053E-4	-1.820000E-4
-8.898005E-4	-1.830000E-4
-8.951786E-4	-1.840000E-4
-9.077780E-4	-1.850000E-4
-9.053175E-4	-1.860000E-4
-9.162280E-4	-1.870000E-4
-9.139250E-4	-1.880000E-4
-9.229908E-4	-1.890000E-4
-9.273706E-4	-1.900000E-4
-9.300591E-4	-1.910000E-4
-9.322109E-4	-1.920000E-4
-9.333651E-4	-1.930000E-4
-9.408136E-4	-1.940000E-4
-9.510321E-4	-1.950000E-4
-9.550288E-4	-1.960000E-4
-9.543372E-4	-1.970000E-4
-9.623290E-4	-1.980000E-4
-9.675527E-4	-1.990000E-4
-9.746971E-4	-2.000000E-4
-9.690153E-4	-2.010000E-4
-9.834578E-4	-2.020000E-4
-9.763142E-4	-2.030000E-4
-9.860700E-4	-2.040000E-4
-9.958262E-4	-2.050000E-4
-1.006428E-3	-2.060000E-4
-1.005354E-3	-2.070000E-4
-1.007813E-3	-2.080000E-4
-1.018337E-3	-2.090000E-4
-1.015726E-3	-2.100000E-4
-1.010270E-3	-2.110000E-4
-1.023102E-3	-2.120000E-4
-1.028867E-3	-2.130000E-4
-1.039540E-3	-2.140000E-4
-1.033705E-3	-2.150000E-4
-1.043923E-3	-2.160000E-4
-1.044694E-3	-2.170000E-4
-1.050071E-3	-2.180000E-4
-1.058752E-3	-2.190000E-4
-1.057677E-3	-2.200000E-4
-1.063285E-3	-2.210000E-4
-1.067820E-3	-2.220000E-4
-1.073736E-3	-2.230000E-4
-1.076500E-3	-2.240000E-4
-1.075811E-3	-2.250000E-4
-1.089484E-3	-2.260000E-4
-1.091791E-3	-2.270000E-4
-1.090791E-3	-2.280000E-4
-1.102546E-3	-2.290000E-4
-1.103085E-3	-2.300000E-4
-1.110693E-3	-2.310000E-4
-1.113688E-3	-2.320000E-4
-1.120756E-3	-2.330000E-4
-1.124753E-3	-2.340000E-4
-1.127596E-3	-2.350000E-4
-1.133127E-3	-2.360000E-4
-1.138732E-3	-2.370000E-4
-1.141576E-3	-2.380000E-4
-1.146496E-3	-2.390000E-4
-1.150333E-3	-2.400000E-4
-1.164701E-3	-2.410000E-4
-1.161092E-3	-2.420000E-4
-1.166162E-3	-2.430000E-4
-1.165778E-3	-2.440000E-4
-1.175383E-3	-2.450000E-4
-1.176766E-3	-2.460000E-4
-1.179917E-3	-2.470000E-4
-1.190132E-3	-2.480000E-4
-1.190979E-3	-2.490000E-4
-1.204423E-3	-2.500000E-4
-1.206268E-3	-2.510000E-4
-1.208649E-3	-2.520000E-4
-1.209189E-3	-2.530000E-4
-1.221711E-3	-2.540000E-4
-1.220637E-3	-2.550000E-4
-1.226245E-3	-2.560000E-4
-1.233390E-3	-2.570000E-4
-1.235007E-3	-2.580000E-4
-1.240691E-3	-2.590000E-4
-1.246607E-3	-2.600000E-4
-1.255058E-3	-2.610000E-4
-1.252829E-3	-2.620000E-4
-1.257823E-3	-2.630000E-4
-1.253139E-3	-2.640000E-4
-1.256519E-3	-2.650000E-4
-1.271346E-3	-2.660000E-4
-1.263512E-3	-2.670000E-4
-1.277878E-3	-2.680000E-4
-1.284252E-3	-2.690000E-4
-1.277112E-3	-2.700000E-4
-1.293860E-3	-2.710000E-4
-1.292017E-3	-2.720000E-4
-1.299392E-3	-2.730000E-4
-1.306152E-3	-2.740000E-4
-1.309148E-3	-2.750000E-4
-1.312451E-3	-2.760000E-4
-1.315296E-3	-2.770000E-4
-1.320521E-3	-2.780000E-4
-1.327739E-3	-2.790000E-4
-1.332275E-3	-2.800000E-4
-1.337649E-3	-2.810000E-4
-1.335961E-3	-2.820000E-4
-1.341571E-3	-2.830000E-4
-1.346030E-3	-2.840000E-4
-1.353170E-3	-2.850000E-4
-1.364314E-3	-2.860000E-4
-1.368075E-3	-2.870000E-4
-1.363776E-3	-2.880000E-4
-1.371075E-3	-2.890000E-4
-1.374300E-3	-2.900000E-4
-1.378144E-3	-2.910000E-4
-1.385446E-3	-2.920000E-4
-1.392895E-3	-2.930000E-4
-1.390592E-3	-2.940000E-4
-1.396581E-3	-2.950000E-4
-1.408647E-3	-2.960000E-4
-1.404036E-3	-2.970000E-4
-1.418017E-3	-2.980000E-4
-1.416792E-3	-2.990000E-4
-1.417789E-3	-3.000000E-4
-1.422551E-3	-3.010000E-4
-1.424320E-3	-3.020000E-4
-1.435384E-3	-3.030000E-4
-1.446444E-3	-3.040000E-4
-1.436844E-3	-3.050000E-4
-1.452361E-3	-3.060000E-4
-1.448292E-3	-3.070000E-4
-1.452130E-3	-3.080000E-4
-1.460202E-3	-3.090000E-4
-1.460584E-3	-3.100000E-4
-1.469494E-3	-3.110000E-4
-1.466886E-3	-3.120000E-4
-1.468349E-3	-3.130000E-4
-1.484788E-3	-3.140000E-4
-1.486864E-3	-3.150000E-4
-1.486170E-3	-3.160000E-4
-1.489631E-3	-3.170000E-4
-1.495390E-3	-3.180000E-4
-1.503535E-3	-3.190000E-4
-1.503534E-3	-3.200000E-4
-1.509683E-3	-3.210000E-4
-1.512830E-3	-3.220000E-4
-1.521892E-3	-3.230000E-4
-1.524508E-3	-3.240000E-4
-1.528961E-3	-3.250000E-4
-1.531575E-3	-3.260000E-4
-1.538417E-3	-3.270000E-4
-1.538495E-3	-3.280000E-4
-1.551393E-3	-3.290000E-4
-1.551016E-3	-3.300000E-4
-1.554011E-3	-3.310000E-4
-1.564615E-3	-3.320000E-4
-1.566382E-3	-3.330000E-4
-1.566612E-3	-3.340000E-4
-1.575981E-3	-3.350000E-4
-1.577908E-3	-3.360000E-4
-1.578290E-3	-3.370000E-4
-1.597880E-3	-3.380000E-4
-1.592579E-3	-3.390000E-4
-1.604412E-3	-3.400000E-4
-1.605409E-3	-3.410000E-4
-1.604873E-3	-3.420000E-4
-1.609790E-3	-3.430000E-4
-1.612709E-3	-3.440000E-4
-1.621391E-3	-3.450000E-4
-1.617556E-3	-3.460000E-4
-1.633839E-3	-3.470000E-4
-1.625621E-3	-3.480000E-4
-1.638374E-3	-3.490000E-4
-1.642060E-3	-3.500000E-4
-1.651740E-3	-3.510000E-4
-1.645445E-3	-3.520000E-4
-1.662650E-3	-3.530000E-4
-1.661500E-3	-3.540000E-4
-1.664035E-3	-3.550000E-4
-1.664269E-3	-3.560000E-4
-1.677786E-3	-3.570000E-4
-1.684247E-3	-3.580000E-4
-1.682782E-3	-3.590000E-4
-1.688697E-3	-3.600000E-4
-1.694232E-3	-3.610000E-4
-1.694312E-3	-3.620000E-4
-1.699535E-3	-3.630000E-4
-1.703759E-3	-3.640000E-4
-1.710903E-3	-3.650000E-4
-1.714126E-3	-3.660000E-4
-1.720584E-3	-3.670000E-4
-1.717896E-3	-3.680000E-4
-1.730881E-3	-3.690000E-4
-1.732490E-3	-3.700000E-4
-1.737104E-3	-3.710000E-4
-1.741713E-3	-3.720000E-4
-1.749322E-3	-3.730000E-4
-1.750471E-3	-3.740000E-4
-1.755467E-3	-3.750000E-4
-1.761612E-3	-3.760000E-4
-1.759000E-3	-3.770000E-4
-1.770446E-3	-3.780000E-4
-1.775902E-3	-3.790000E-4
-1.779286E-3	-3.800000E-4
-1.783817E-3	-3.810000E-4
-1.791884E-3	-3.820000E-4
-1.799488E-3	-3.830000E-4
-1.803867E-3	-3.840000E-4
-1.804483E-3	-3.850000E-4
-1.809015E-3	-3.860000E-4
-1.812396E-3	-3.870000E-4
-1.818079E-3	-3.880000E-4
-1.822460E-3	-3.890000E-4
-1.833370E-3	-3.900000E-4
-1.830607E-3	-3.910000E-4
-1.834679E-3	-3.920000E-4
-1.835524E-3	-3.930000E-4
-1.846436E-3	-3.940000E-4
-1.853581E-3	-3.950000E-4
-1.858420E-3	-3.960000E-4
-1.860879E-3	-3.970000E-4
-1.860884E-3	-3.980000E-4
-1.863267E-3	-3.990000E-4
-1.874555E-3	-4.000000E-4
-1.872331E-3	-4.010000E-4
-1.878243E-3	-4.020000E-4
-1.881703E-3	-4.030000E-4
-1.891001E-3	-4.040000E-4
-1.887310E-3	-4.050000E-4
-1.898373E-3	-4.060000E-4
-1.903598E-3	-4.070000E-4
-1.904832E-3	-4.080000E-4
-1.908594E-3	-4.090000E-4
-1.919271E-3	-4.100000E-4
-1.920962E-3	-4.110000E-4
-1.929257E-3	-4.120000E-4
-1.930486E-3	-4.130000E-4
-1.940938E-3	-4.140000E-4
-1.943775E-3	-4.150000E-4
-1.945930E-3	-4.160000E-4
-1.951849E-3	-4.170000E-4
-1.954769E-3	-4.180000E-4
-1.958300E-3	-4.190000E-4
-1.965758E-3	-4.200000E-4
-1.967676E-3	-4.210000E-4
-1.972058E-3	-4.220000E-4
-1.980890E-3	-4.230000E-4
-1.988797E-3	-4.240000E-4
-1.989186E-3	-4.250000E-4
-2.001478E-3	-4.260000E-4
-1.996643E-3	-4.270000E-4
-1.997024E-3	-4.280000E-4
-2.007857E-3	-4.290000E-4
-2.012698E-3	-4.300000E-4
-2.008322E-3	-4.310000E-4
-2.016541E-3	-4.320000E-4
-2.017466E-3	-4.330000E-4
-2.027911E-3	-4.340000E-4
-2.038513E-3	-4.350000E-4
-2.035519E-3	-4.360000E-4
-2.046193E-3	-4.370000E-4
-2.050190E-3	-4.380000E-4
-2.049350E-3	-4.390000E-4
-2.054883E-3	-4.400000E-4
-2.059643E-3	-4.410000E-4
-2.067094E-3	-4.420000E-4
-2.063639E-3	-4.430000E-4
-2.068404E-3	-4.440000E-4
-2.069557E-3	-4.450000E-4
-2.079468E-3	-4.460000E-4
-2.085076E-3	-4.470000E-4
-2.090841E-3	-4.480000E-4
-2.094759E-3	-4.490000E-4
-2.098901E-3	-4.500000E-4
-2.100519E-3	-4.510000E-4
-2.110046E-3	-4.520000E-4
-2.110201E-3	-4.530000E-4
-2.117192E-3	-4.540000E-4
-2.123258E-3	-4.550000E-4
-2.125181E-3	-4.560000E-4
-2.126950E-3	-4.570000E-4
-2.143308E-3	-4.580000E-4
-2.148304E-3	-4.590000E-4
-2.144621E-3	-4.600000E-4
-2.151226E-3	-4.610000E-4
-2.150230E-3	-4.620000E-4
-2.157840E-3	-4.630000E-4
-2.164750E-3	-4.640000E-4
-2.164749E-3	-4.650000E-4
-2.168671E-3	-4.660000E-4
-2.171740E-3	-4.670000E-4
-2.186566E-3	-4.680000E-4
-2.187024E-3	-4.690000E-4
-2.193326E-3	-4.700000E-4
-2.195095E-3	-4.710000E-4
-2.196865E-3	-4.720000E-4
-2.204625E-3	-4.730000E-4
-2.209543E-3	-4.740000E-4
-2.214534E-3	-4.750000E-4
-2.214534E-3	-4.760000E-4
-2.224750E-3	-4.770000E-4
-2.229053E-3	-4.780000E-4
-2.218769E-3	-4.790000E-4
-2.237585E-3	-4.800000E-4
-2.241120E-3	-4.810000E-4
-2.246195E-3	-4.820000E-4
-2.245042E-3	-4.830000E-4
-2.248729E-3	-4.840000E-4
-2.253261E-3	-4.850000E-4
-2.261098E-3	-4.860000E-4
-2.271700E-3	-4.870000E-4
-2.267937E-3	-4.880000E-4
-2.271475E-3	-4.890000E-4
-2.276923E-3	-4.900000E-4
-2.280539E-3	-4.910000E-4
-2.285530E-3	-4.920000E-4
-2.298126E-3	-4.930000E-4
-2.297668E-3	-4.940000E-4
-2.299591E-3	-4.950000E-4
-2.309189E-3	-4.960000E-4
-2.307509E-3	-4.970000E-4
-2.313343E-3	-4.980000E-4
-2.317033E-3	-4.990000E-4
-2.324173E-3	-5.000000E-4
-2.331550E-3	-5.010000E-4
-2.338774E-3	-5.020000E-4
-2.338695E-3	-5.030000E-4
-2.336625E-3	-5.040000E-4
-2.345463E-3	-5.050000E-4
-2.345778E-3	-5.060000E-4
-2.353535E-3	-5.070000E-4
-2.358290E-3	-5.080000E-4
-2.362214E-3	-5.090000E-4
-2.368358E-3	-5.100000E-4
-2.372428E-3	-5.110000E-4
-2.380564E-3	-5.120000E-4
-2.388941E-3	-5.130000E-4
-2.387947E-3	-5.140000E-4
-2.393782E-3	-5.150000E-4
-2.396317E-3	-5.160000E-4
-2.394023E-3	-5.170000E-4
-2.401856E-3	-5.180000E-4
-2.411300E-3	-5.190000E-4
-2.411847E-3	-5.200000E-4
-2.412843E-3	-5.210000E-4
-2.426359E-3	-5.220000E-4
-2.430737E-3	-5.230000E-4
-2.440188E-3	-5.240000E-4
-2.433970E-3	-5.250000E-4
-2.440810E-3	-5.260000E-4
-2.445418E-3	-5.270000E-4
-2.449641E-3	-5.280000E-4
-2.456402E-3	-5.290000E-4
-2.459866E-3	-5.300000E-4
-2.458327E-3	-5.310000E-4
-2.461168E-3	-5.320000E-4
-2.463478E-3	-5.330000E-4
-2.469164E-3	-5.340000E-4
-2.481762E-3	-5.350000E-4
-2.491057E-3	-5.360000E-4
-2.490821E-3	-5.370000E-4
-2.486685E-3	-5.380000E-4
-2.501582E-3	-5.390000E-4
-2.506265E-3	-5.400000E-4
-2.506193E-3	-5.410000E-4
-2.504191E-3	-5.420000E-4
-2.510880E-3	-5.430000E-4
-2.512260E-3	-5.440000E-4
-2.520720E-3	-5.450000E-4
-2.527010E-3	-5.460000E-4
-2.532544E-3	-5.470000E-4
-2.536611E-3	-5.480000E-4
-2.537159E-3	-5.490000E-4
-2.545298E-3	-5.500000E-4
-2.544071E-3	-5.510000E-4
-2.548449E-3	-5.520000E-4
-2.551373E-3	-5.530000E-4
-2.556213E-3	-5.540000E-4
-2.568040E-3	-5.550000E-4
-2.570577E-3	-5.560000E-4
-2.574649E-3	-5.570000E-4
-2.576648E-3	-5.580000E-4
-2.580410E-3	-5.590000E-4
-2.587713E-3	-5.600000E-4
-2.595928E-3	-5.610000E-4
-2.588327E-3	-5.620000E-4
-2.602221E-3	-5.630000E-4
-2.602305E-3	-5.640000E-4
-2.606377E-3	-5.650000E-4
-2.612835E-3	-5.660000E-4
-2.610608E-3	-5.670000E-4
-2.618748E-3	-5.680000E-4
-2.622748E-3	-5.690000E-4
-2.621752E-3	-5.700000E-4
-2.623211E-3	-5.710000E-4
-2.634890E-3	-5.720000E-4
-2.636267E-3	-5.730000E-4
-2.635042E-3	-5.740000E-4
-2.642954E-3	-5.750000E-4
-2.647263E-3	-5.760000E-4
-2.652713E-3	-5.770000E-4
-2.660005E-3	-5.780000E-4
-2.649563E-3	-5.790000E-4
-2.662471E-3	-5.800000E-4
-2.668691E-3	-5.810000E-4
-2.674139E-3	-5.820000E-4
-2.667238E-3	-5.830000E-4
-2.674153E-3	-5.840000E-4
-2.678764E-3	-5.850000E-4
-2.681989E-3	-5.860000E-4
-2.687743E-3	-5.870000E-4
-2.693502E-3	-5.880000E-4
-2.690669E-3	-5.890000E-4
-2.693970E-3	-5.900000E-4
-2.697965E-3	-5.910000E-4
-2.700733E-3	-5.920000E-4
-2.707262E-3	-5.930000E-4
-2.711031E-3	-5.940000E-4
-2.712563E-3	-5.950000E-4
-2.714097E-3	-5.960000E-4
-2.712183E-3	-5.970000E-4
-2.722015E-3	-5.980000E-4
-2.724243E-3	-5.990000E-4
-2.724929E-3	-6.000000E-4
-2.730085E-3	-6.010000E-4
-2.735530E-3	-6.020000E-4
-2.731766E-3	-6.030000E-4
-2.735224E-3	-6.040000E-4
-2.733462E-3	-6.050000E-4
-2.741218E-3	-6.060000E-4
-2.739373E-3	-6.070000E-4
-2.741296E-3	-6.080000E-4
-2.745677E-3	-6.090000E-4
-2.746989E-3	-6.100000E-4
-2.743218E-3	-6.110000E-4
-2.750450E-3	-6.120000E-4
-2.754360E-3	-6.130000E-4
-2.751057E-3	-6.140000E-4
-2.752134E-3	-6.150000E-4
-2.750438E-3	-6.160000E-4
-2.753205E-3	-6.170000E-4
-2.751285E-3	-6.180000E-4
-2.760194E-3	-6.190000E-4
-2.753980E-3	-6.200000E-4
-2.756053E-3	-6.210000E-4
-2.755058E-3	-6.220000E-4
-2.761194E-3	-6.230000E-4
-2.765498E-3	-6.240000E-4
-2.761505E-3	-6.250000E-4
-2.758509E-3	-6.260000E-4
-2.760900E-3	-6.270000E-4
-2.762886E-3	-6.280000E-4
-2.764424E-3	-6.290000E-4
-2.767189E-3	-6.300000E-4
-2.768575E-3	-6.310000E-4
-2.769721E-3	-6.320000E-4
-2.774328E-3	-6.330000E-4
-2.776100E-3	-6.340000E-4
-2.775946E-3	-6.350000E-4
-2.775099E-3	-6.360000E-4
-2.772794E-3	-6.370000E-4
-2.770484E-3	-6.380000E-4
-2.772957E-3	-6.390000E-4
-2.776020E-3	-6.400000E-4
-2.781553E-3	-6.410000E-4
-2.781018E-3	-6.420000E-4
-2.781175E-3	-6.430000E-4
-2.776330E-3	-6.440000E-4
-2.784857E-3	-6.450000E-4
-2.777026E-3	-6.460000E-4
-2.780171E-3	-6.470000E-4
-2.778488E-3	-6.480000E-4
-2.788008E-3	-6.490000E-4
-2.783550E-3	-6.500000E-4
-2.777260E-3	-6.510000E-4
-2.787621E-3	-6.520000E-4
-2.789240E-3	-6.530000E-4
-2.792388E-3	-6.540000E-4
-2.783476E-3	-6.550000E-4
-2.778173E-3	-6.560000E-4
-2.787321E-3	-6.570000E-4
-2.776952E-3	-6.580000E-4
-2.786707E-3	-6.590000E-4
-2.792540E-3	-6.600000E-4
-2.792465E-3	-6.610000E-4
-2.799760E-3	-6.620000E-4
-2.793917E-3	-6.630000E-4
-2.793005E-3	-6.640000E-4
-2.791773E-3	-6.650000E-4
-2.787090E-3	-6.660000E-4
-2.793689E-3	-6.670000E-4
-2.793848E-3	-6.680000E-4
-2.794615E-3	-6.690000E-4
-2.790011E-3	-6.700000E-4
-2.788555E-3	-6.710000E-4
-2.790473E-3	-6.720000E-4
-2.793235E-3	-6.730000E-4
-2.790237E-3	-6.740000E-4
-2.790859E-3	-6.750000E-4
-2.792090E-3	-6.760000E-4
-2.797457E-3	-6.770000E-4
-2.793771E-3	-6.780000E-4
-2.794383E-3	-6.790000E-4
-2.796153E-3	-6.800000E-4
-2.799843E-3	-6.810000E-4
-2.803142E-3	-6.820000E-4
-2.798842E-3	-6.830000E-4
-2.799841E-3	-6.840000E-4
-2.805681E-3	-6.850000E-4
-2.793083E-3	-6.860000E-4
-2.792932E-3	-6.870000E-4
-2.796312E-3	-6.880000E-4
-2.810211E-3	-6.890000E-4
-2.804071E-3	-6.900000E-4
-2.804609E-3	-6.910000E-4
-2.813365E-3	-6.920000E-4
-2.802065E-3	-6.930000E-4
-2.804907E-3	-6.940000E-4
-2.808059E-3	-6.950000E-4
-2.806066E-3	-6.960000E-4
-2.799228E-3	-6.970000E-4
-2.802691E-3	-6.980000E-4
-2.813825E-3	-6.990000E-4
-2.816667E-3	-7.000000E-4
-2.812130E-3	-7.010000E-4
-2.805995E-3	-7.020000E-4
-2.810669E-3	-7.030000E-4
-2.809674E-3	-7.040000E-4
-2.804992E-3	-7.050000E-4
-2.810835E-3	-7.060000E-4
-2.808608E-3	-7.070000E-4
-2.815210E-3	-7.080000E-4
-2.807763E-3	-7.090000E-4
-2.813209E-3	-7.100000E-4
-2.814673E-3	-7.110000E-4
-2.812445E-3	-7.120000E-4
-2.818285E-3	-7.130000E-4
-2.813600E-3	-7.140000E-4
-2.816976E-3	-7.150000E-4
-2.813366E-3	-7.160000E-4
-2.816899E-3	-7.170000E-4
-2.813988E-3	-7.180000E-4
-2.813909E-3	-7.190000E-4
-2.803697E-3	-7.200000E-4
-2.807836E-3	-7.210000E-4
-2.815739E-3	-7.220000E-4
-2.813291E-3	-7.230000E-4
-2.815516E-3	-7.240000E-4
-2.810911E-3	-7.250000E-4
-2.824965E-3	-7.260000E-4
-2.819823E-3	-7.270000E-4
-2.823574E-3	-7.280000E-4
-2.813908E-3	-7.290000E-4
-2.816896E-3	-7.300000E-4
-2.823812E-3	-7.310000E-4
-2.811529E-3	-7.320000E-4
-2.822815E-3	-7.330000E-4
-2.816830E-3	-7.340000E-4
-2.822508E-3	-7.350000E-4
-2.812519E-3	-7.360000E-4
-2.819899E-3	-7.370000E-4
-2.830498E-3	-7.380000E-4
-2.829421E-3	-7.390000E-4
-2.819976E-3	-7.400000E-4
-2.827117E-3	-7.410000E-4
-2.835331E-3	-7.420000E-4
-2.831040E-3	-7.430000E-4
-2.820516E-3	-7.440000E-4
-2.832651E-3	-7.450000E-4
-2.833187E-3	-7.460000E-4
-2.833490E-3	-7.470000E-4
-2.828500E-3	-7.480000E-4
-2.827037E-3	-7.490000E-4
-2.831195E-3	-7.500000E-4
-2.830037E-3	-7.510000E-4
-2.838255E-3	-7.520000E-4
-2.846932E-3	-7.530000E-4
-2.836643E-3	-7.540000E-4
-2.842255E-3	-7.550000E-4
-2.834034E-3	-7.560000E-4
-2.846163E-3	-7.570000E-4
-2.835262E-3	-7.580000E-4
-2.839795E-3	-7.590000E-4
-2.838483E-3	-7.600000E-4
-2.840256E-3	-7.610000E-4
-2.842099E-3	-7.620000E-4
-2.846327E-3	-7.630000E-4
-2.844253E-3	-7.640000E-4
-2.844410E-3	-7.650000E-4
-2.846332E-3	-7.660000E-4
-2.850240E-3	-7.670000E-4
-2.846177E-3	-7.680000E-4
-2.846561E-3	-7.690000E-4
-2.848942E-3	-7.700000E-4
-2.847099E-3	-7.710000E-4
-2.853549E-3	-7.720000E-4
-2.865144E-3	-7.730000E-4
-2.861308E-3	-7.740000E-4
-2.854246E-3	-7.750000E-4
-2.862231E-3	-7.760000E-4
-2.863613E-3	-7.770000E-4
-2.860390E-3	-7.780000E-4
-2.860245E-3	-7.790000E-4
-2.865846E-3	-7.800000E-4
-2.866845E-3	-7.810000E-4
-2.869535E-3	-7.820000E-4
-2.871532E-3	-7.830000E-4
-2.882052E-3	-7.840000E-4
-2.881361E-3	-7.850000E-4
-2.883128E-3	-7.860000E-4
-2.887813E-3	-7.870000E-4
-2.888345E-3	-7.880000E-4
-2.890654E-3	-7.890000E-4
-2.894802E-3	-7.900000E-4
-2.903796E-3	-7.910000E-4
-2.899035E-3	-7.920000E-4
-2.902724E-3	-7.930000E-4
-2.909558E-3	-7.940000E-4
-2.910869E-3	-7.950000E-4
-2.910339E-3	-7.960000E-4
-2.916165E-3	-7.970000E-4
-2.925239E-3	-7.980000E-4
-2.924927E-3	-7.990000E-4
-2.936446E-3	-8.000000E-4
-2.938912E-3	-8.010000E-4
-2.939597E-3	-8.020000E-4
-2.945126E-3	-8.030000E-4
-2.943828E-3	-8.040000E-4
-2.949975E-3	-8.050000E-4
-2.948062E-3	-8.060000E-4
-2.956653E-3	-8.070000E-4
-2.970104E-3	-8.080000E-4
-2.971638E-3	-8.090000E-4
-2.977316E-3	-8.100000E-4
-2.978711E-3	-8.110000E-4
-2.982246E-3	-8.120000E-4
-2.986011E-3	-8.130000E-4
-2.987078E-3	-8.140000E-4
-2.996835E-3	-8.150000E-4
-2.996149E-3	-8.160000E-4
-2.997456E-3	-8.170000E-4
-3.003760E-3	-8.180000E-4
-3.002524E-3	-8.190000E-4
-3.015203E-3	-8.200000E-4
-3.009908E-3	-8.210000E-4
-3.026878E-3	-8.220000E-4
-3.024267E-3	-8.230000E-4
-3.025425E-3	-8.240000E-4
-3.028189E-3	-8.250000E-4
-3.035487E-3	-8.260000E-4
-3.036946E-3	-8.270000E-4
-3.044246E-3	-8.280000E-4
-3.042861E-3	-8.290000E-4
-3.051244E-3	-8.300000E-4
-3.053549E-3	-8.310000E-4
-3.062997E-3	-8.320000E-4
-3.061070E-3	-8.330000E-4
-3.061688E-3	-8.340000E-4
-3.067297E-3	-8.350000E-4
-3.068604E-3	-8.360000E-4
-3.074818E-3	-8.370000E-4
-3.076669E-3	-8.380000E-4
-3.085196E-3	-8.390000E-4
-3.083512E-3	-8.400000E-4
-3.087203E-3	-8.410000E-4
-3.092970E-3	-8.420000E-4
-3.100255E-3	-8.430000E-4
-3.100647E-3	-8.440000E-4
-3.102325E-3	-8.450000E-4
-3.109789E-3	-8.460000E-4
-3.111704E-3	-8.470000E-4
-3.117232E-3	-8.480000E-4
-3.121377E-3	-8.490000E-4
-3.120929E-3	-8.500000E-4
-3.135517E-3	-8.510000E-4
-3.131221E-3	-8.520000E-4
-3.134825E-3	-8.530000E-4
-3.135591E-3	-8.540000E-4
-3.139286E-3	-8.550000E-4
-3.143213E-3	-8.560000E-4
-3.149962E-3	-8.570000E-4
-3.152731E-3	-8.580000E-4
-3.156187E-3	-8.590000E-4
-3.158725E-3	-8.600000E-4
-3.167167E-3	-8.610000E-4
-3.173624E-3	-8.620000E-4
-3.166943E-3	-8.630000E-4
-3.178626E-3	-8.640000E-4
-3.181237E-3	-8.650000E-4
-3.184304E-3	-8.660000E-4
-3.184773E-3	-8.670000E-4
-3.191450E-3	-8.680000E-4
-3.205199E-3	-8.690000E-4
-3.203509E-3	-8.700000E-4
-3.196224E-3	-8.710000E-4
-3.200824E-3	-8.720000E-4
-3.208813E-3	-8.730000E-4
-3.206983E-3	-8.740000E-4
-3.217418E-3	-8.750000E-4
-3.216117E-3	-8.760000E-4
-3.212273E-3	-8.770000E-4
-3.218584E-3	-8.780000E-4
-3.233170E-3	-8.790000E-4
-3.229880E-3	-8.800000E-4
-3.231339E-3	-8.810000E-4
-3.237939E-3	-8.820000E-4
-3.240942E-3	-8.830000E-4
-3.249623E-3	-8.840000E-4
-3.247542E-3	-8.850000E-4
-3.251457E-3	-8.860000E-4
-3.260599E-3	-8.870000E-4
-3.256998E-3	-8.880000E-4
-3.263375E-3	-8.890000E-4
-3.259538E-3	-8.900000E-4
-3.271596E-3	-8.910000E-4
-3.269751E-3	-8.920000E-4
-3.278734E-3	-8.930000E-4
-3.289417E-3	-8.940000E-4
-3.282268E-3	-8.950000E-4
-3.292332E-3	-8.960000E-4
-3.287649E-3	-8.970000E-4
-3.294639E-3	-8.980000E-4
-3.296331E-3	-8.990000E-4
-3.301325E-3	-9.000000E-4
-3.305405E-3	-9.010000E-4
-3.304869E-3	-9.020000E-4
-3.308786E-3	-9.030000E-4
-3.318917E-3	-9.040000E-4
-3.319545E-3	-9.050000E-4
-3.316309E-3	-9.060000E-4
-3.326291E-3	-9.070000E-4
-3.332823E-3	-9.080000E-4
-3.335824E-3	-9.090000E-4
-3.337595E-3	-9.100000E-4
-3.336744E-3	-9.110000E-4
-3.341818E-3	-9.120000E-4
-3.348951E-3	-9.130000E-4
-3.348577E-3	-9.140000E-4
-3.356179E-3	-9.150000E-4
-3.354654E-3	-9.160000E-4
-3.357796E-3	-9.170000E-4
-3.368235E-3	-9.180000E-4
-3.366021E-3	-9.190000E-4
-3.374471E-3	-9.200000E-4
-3.378071E-3	-9.210000E-4
-3.376546E-3	-9.220000E-4
-3.386299E-3	-9.230000E-4
-3.386463E-3	-9.240000E-4
-3.390909E-3	-9.250000E-4
-3.394905E-3	-9.260000E-4
-3.399740E-3	-9.270000E-4
-3.405739E-3	-9.280000E-4
-3.396835E-3	-9.290000E-4
-3.416175E-3	-9.300000E-4
-3.408663E-3	-9.310000E-4
-3.411121E-3	-9.320000E-4
-3.421718E-3	-9.330000E-4
-3.423176E-3	-9.340000E-4
-3.424330E-3	-9.350000E-4
-3.422872E-3	-9.360000E-4
-3.435161E-3	-9.370000E-4
-3.432100E-3	-9.380000E-4
-3.429566E-3	-9.390000E-4
-3.440386E-3	-9.400000E-4
-3.439554E-3	-9.410000E-4
-3.447846E-3	-9.420000E-4
-3.444016E-3	-9.430000E-4
-3.446691E-3	-9.440000E-4
-3.463210E-3	-9.450000E-4
-3.457758E-3	-9.460000E-4
-3.458765E-3	-9.470000E-4
-3.471891E-3	-9.480000E-4
-3.467122E-3	-9.490000E-4
-3.474970E-3	-9.500000E-4
-3.479110E-3	-9.510000E-4
-3.476813E-3	-9.520000E-4
-3.482420E-3	-9.530000E-4
-3.492021E-3	-9.540000E-4
-3.493475E-3	-9.550000E-4
-3.496476E-3	-9.560000E-4
-3.496713E-3	-9.570000E-4
-3.502779E-3	-9.580000E-4
-3.508381E-3	-9.590000E-4
-3.509225E-3	-9.600000E-4
-3.513843E-3	-9.610000E-4
-3.518380E-3	-9.620000E-4
-3.525578E-3	-9.630000E-4
-3.522373E-3	-9.640000E-4
-3.523599E-3	-9.650000E-4
-3.526669E-3	-9.660000E-4
-3.528060E-3	-9.670000E-4
-3.532664E-3	-9.680000E-4
-3.539518E-3	-9.690000E-4
-3.540421E-3	-9.700000E-4
-3.543118E-3	-9.710000E-4
-3.550650E-3	-9.720000E-4
-3.553114E-3	-9.730000E-4
-3.556723E-3	-9.740000E-4
-3.566695E-3	-9.750000E-4
-3.567309E-3	-9.760000E-4
-3.571304E-3	-9.770000E-4
-3.569928E-3	-9.780000E-4
-3.572704E-3	-9.790000E-4
-3.582908E-3	-9.800000E-4
-3.581916E-3	-9.810000E-4
-3.585138E-3	-9.820000E-4
-3.587594E-3	-9.830000E-4
-3.597971E-3	-9.840000E-4
-3.598356E-3	-9.850000E-4
-3.606262E-3	-9.860001E-4
-3.606807E-3	-9.869999E-4
-3.603200E-3	-9.880000E-4
-3.604213E-3	-9.890000E-4
-3.613573E-3	-9.900000E-4
-3.618942E-3	-9.910000E-4
-3.615801E-3	-9.920000E-4
-3.628627E-3	-9.930000E-4
-3.619038E-3	-9.940000E-4
-3.631622E-3	-9.950000E-4
-3.630169E-3	-9.960000E-4
-3.635929E-3	-9.970000E-4
-3.639777E-3	-9.980000E-4
-3.638551E-3	-9.990000E-4
-3.639155E-3	-1.000000E-3
