Meas. Voltage (V)	Meas. Current (A)	6/1/2026 2:46:29 PM
3.467695E-3	1.000000E-3
3.458780E-3	9.990000E-4
3.451016E-3	9.980000E-4
3.454782E-3	9.970000E-4
3.441485E-3	9.960000E-4
3.442488E-3	9.950000E-4
3.439570E-3	9.940000E-4
3.441187E-3	9.930000E-4
3.431124E-3	9.920000E-4
3.429048E-3	9.910000E-4
3.432590E-3	9.900000E-4
3.420671E-3	9.890000E-4
3.422823E-3	9.880000E-4
3.419287E-3	9.869999E-4
3.417436E-3	9.860001E-4
3.420597E-3	9.850000E-4
3.409298E-3	9.840000E-4
3.401846E-3	9.830000E-4
3.405300E-3	9.820000E-4
3.401697E-3	9.810000E-4
3.392707E-3	9.800000E-4
3.391639E-3	9.790000E-4
3.390866E-3	9.780000E-4
3.386176E-3	9.770000E-4
3.380095E-3	9.760000E-4
3.375418E-3	9.750000E-4
3.378344E-3	9.740000E-4
3.376883E-3	9.730000E-4
3.366277E-3	9.720000E-4
3.364751E-3	9.710000E-4
3.361428E-3	9.700000E-4
3.355677E-3	9.690000E-4
3.355294E-3	9.680000E-4
3.351298E-3	9.670000E-4
3.346302E-3	9.660000E-4
3.343388E-3	9.650000E-4
3.340309E-3	9.640000E-4
3.340001E-3	9.630000E-4
3.336941E-3	9.620000E-4
3.328401E-3	9.610000E-4
3.320480E-3	9.600000E-4
3.320173E-3	9.590000E-4
3.316952E-3	9.580000E-4
3.307804E-3	9.570000E-4
3.318497E-3	9.560000E-4
3.306038E-3	9.550000E-4
3.308425E-3	9.540000E-4
3.301282E-3	9.530000E-4
3.301350E-3	9.520000E-4
3.296444E-3	9.510000E-4
3.292518E-3	9.500000E-4
3.296211E-3	9.490000E-4
3.284447E-3	9.480000E-4
3.282616E-3	9.470000E-4
3.276465E-3	9.460000E-4
3.278467E-3	9.450000E-4
3.264243E-3	9.440000E-4
3.263477E-3	9.430000E-4
3.257713E-3	9.420000E-4
3.268403E-3	9.410000E-4
3.264258E-3	9.400000E-4
3.254496E-3	9.390000E-4
3.250418E-3	9.380000E-4
3.246349E-3	9.370000E-4
3.243041E-3	9.360000E-4
3.234823E-3	9.350000E-4
3.238661E-3	9.340000E-4
3.236049E-3	9.330000E-4
3.226521E-3	9.320000E-4
3.230833E-3	9.310000E-4
3.219526E-3	9.300000E-4
3.220837E-3	9.290000E-4
3.213463E-3	9.280000E-4
3.213229E-3	9.270000E-4
3.211699E-3	9.260000E-4
3.200239E-3	9.250000E-4
3.201318E-3	9.240000E-4
3.193259E-3	9.230000E-4
3.201407E-3	9.220000E-4
3.195172E-3	9.210000E-4
3.193493E-3	9.200000E-4
3.192104E-3	9.190000E-4
3.181505E-3	9.180000E-4
3.170737E-3	9.170000E-4
3.172364E-3	9.160000E-4
3.174973E-3	9.150000E-4
3.166300E-3	9.140000E-4
3.170674E-3	9.130000E-4
3.164289E-3	9.120000E-4
3.150383E-3	9.110000E-4
3.156919E-3	9.100000E-4
3.149310E-3	9.090000E-4
3.146383E-3	9.080000E-4
3.143780E-3	9.070000E-4
3.143474E-3	9.060000E-4
3.135017E-3	9.050000E-4
3.139016E-3	9.040000E-4
3.126260E-3	9.030000E-4
3.128250E-3	9.020000E-4
3.119415E-3	9.010000E-4
3.117276E-3	9.000000E-4
3.120053E-3	8.990000E-4
3.114660E-3	8.980000E-4
3.110970E-3	8.970000E-4
3.110508E-3	8.960000E-4
3.102291E-3	8.950000E-4
3.101060E-3	8.940000E-4
3.086611E-3	8.930000E-4
3.095915E-3	8.920000E-4
3.095996E-3	8.910000E-4
3.088312E-3	8.900000E-4
3.079776E-3	8.890000E-4
3.073248E-3	8.880000E-4
3.079326E-3	8.870000E-4
3.071405E-3	8.860000E-4
3.074171E-3	8.850000E-4
3.065642E-3	8.840000E-4
3.060111E-3	8.830000E-4
3.057115E-3	8.820000E-4
3.055575E-3	8.810000E-4
3.054968E-3	8.800000E-4
3.046129E-3	8.790000E-4
3.044135E-3	8.780000E-4
3.035608E-3	8.770000E-4
3.038759E-3	8.760000E-4
3.035612E-3	8.750000E-4
3.027224E-3	8.740000E-4
3.027230E-3	8.730000E-4
3.019703E-3	8.720000E-4
3.026157E-3	8.710000E-4
3.021623E-3	8.700000E-4
3.014323E-3	8.690000E-4
3.009097E-3	8.680000E-4
3.010328E-3	8.670000E-4
3.003336E-3	8.660000E-4
2.996268E-3	8.650000E-4
2.990187E-3	8.640000E-4
2.992743E-3	8.630000E-4
2.987580E-3	8.620000E-4
2.992817E-3	8.610000E-4
2.984746E-3	8.600000E-4
2.980357E-3	8.590000E-4
2.971443E-3	8.580000E-4
2.966995E-3	8.570000E-4
2.965685E-3	8.560000E-4
2.963313E-3	8.550000E-4
2.958314E-3	8.540000E-4
2.958091E-3	8.530000E-4
2.953091E-3	8.520000E-4
2.948331E-3	8.510000E-4
2.949632E-3	8.500000E-4
2.943792E-3	8.490000E-4
2.931420E-3	8.480000E-4
2.928726E-3	8.470000E-4
2.934955E-3	8.460000E-4
2.923886E-3	8.450000E-4
2.929734E-3	8.440000E-4
2.926356E-3	8.430000E-4
2.919281E-3	8.420000E-4
2.917287E-3	8.410000E-4
2.909521E-3	8.400000E-4
2.905139E-3	8.390000E-4
2.901996E-3	8.380000E-4
2.897690E-3	8.370000E-4
2.898151E-3	8.360000E-4
2.895233E-3	8.350000E-4
2.890011E-3	8.340000E-4
2.886172E-3	8.330000E-4
2.888554E-3	8.320000E-4
2.871874E-3	8.310000E-4
2.876945E-3	8.300000E-4
2.883641E-3	8.290000E-4
2.872267E-3	8.280000E-4
2.861659E-3	8.270000E-4
2.866038E-3	8.260000E-4
2.856203E-3	8.250000E-4
2.862967E-3	8.240000E-4
2.853141E-3	8.230000E-4
2.845832E-3	8.220000E-4
2.845369E-3	8.210000E-4
2.840920E-3	8.200000E-4
2.843527E-3	8.190000E-4
2.837156E-3	8.180000E-4
2.840234E-3	8.170000E-4
2.834238E-3	8.160000E-4
2.822019E-3	8.150000E-4
2.822547E-3	8.140000E-4
2.820252E-3	8.130000E-4
2.813642E-3	8.120000E-4
2.810414E-3	8.110000E-4
2.806495E-3	8.100000E-4
2.801274E-3	8.090000E-4
2.790363E-3	8.080000E-4
2.795355E-3	8.070000E-4
2.792747E-3	8.060000E-4
2.788062E-3	8.050000E-4
2.786214E-3	8.040000E-4
2.784217E-3	8.030000E-4
2.773691E-3	8.020000E-4
2.767313E-3	8.010000E-4
2.771312E-3	8.000000E-4
2.763084E-3	7.990000E-4
2.765383E-3	7.980000E-4
2.763322E-3	7.970000E-4
2.757175E-3	7.960000E-4
2.752874E-3	7.950000E-4
2.750724E-3	7.940000E-4
2.744345E-3	7.930000E-4
2.741116E-3	7.920000E-4
2.734199E-3	7.910000E-4
2.733894E-3	7.900000E-4
2.726286E-3	7.890000E-4
2.720599E-3	7.880000E-4
2.716603E-3	7.870000E-4
2.709687E-3	7.860000E-4
2.711918E-3	7.850000E-4
2.713690E-3	7.840000E-4
2.703386E-3	7.830000E-4
2.702390E-3	7.820000E-4
2.706922E-3	7.810000E-4
2.694635E-3	7.800000E-4
2.700862E-3	7.790000E-4
2.689104E-3	7.780000E-4
2.688564E-3	7.770000E-4
2.680802E-3	7.760000E-4
2.678031E-3	7.750000E-4
2.674271E-3	7.740000E-4
2.669512E-3	7.730000E-4
2.665362E-3	7.720000E-4
2.657064E-3	7.710000E-4
2.658832E-3	7.700000E-4
2.657912E-3	7.690000E-4
2.654454E-3	7.680000E-4
2.650926E-3	7.670000E-4
2.641770E-3	7.660000E-4
2.638855E-3	7.650000E-4
2.632249E-3	7.640000E-4
2.634325E-3	7.630000E-4
2.619877E-3	7.620000E-4
2.623484E-3	7.610000E-4
2.622257E-3	7.600000E-4
2.617808E-3	7.590000E-4
2.610504E-3	7.580000E-4
2.610889E-3	7.570000E-4
2.601743E-3	7.560000E-4
2.598442E-3	7.550000E-4
2.594827E-3	7.540000E-4
2.594603E-3	7.530000E-4
2.587223E-3	7.520000E-4
2.584849E-3	7.510000E-4
2.583769E-3	7.500000E-4
2.585689E-3	7.490000E-4
2.576159E-3	7.480000E-4
2.576543E-3	7.470000E-4
2.573394E-3	7.460000E-4
2.569019E-3	7.450000E-4
2.566401E-3	7.440000E-4
2.567253E-3	7.430000E-4
2.560028E-3	7.420000E-4
2.568483E-3	7.410000E-4
2.561568E-3	7.400000E-4
2.564790E-3	7.390000E-4
2.559874E-3	7.380000E-4
2.557726E-3	7.370000E-4
2.549575E-3	7.360000E-4
2.543818E-3	7.350000E-4
2.546814E-3	7.340000E-4
2.542891E-3	7.330000E-4
2.532216E-3	7.320000E-4
2.534132E-3	7.310000E-4
2.542586E-3	7.300000E-4
2.543894E-3	7.290000E-4
2.535752E-3	7.280000E-4
2.541907E-3	7.270000E-4
2.531444E-3	7.260000E-4
2.528063E-3	7.250000E-4
2.521533E-3	7.240000E-4
2.529152E-3	7.230000E-4
2.522383E-3	7.220000E-4
2.524528E-3	7.210000E-4
2.522767E-3	7.200000E-4
2.521073E-3	7.190000E-4
2.537440E-3	7.180000E-4
2.528144E-3	7.170000E-4
2.519460E-3	7.160000E-4
2.522141E-3	7.150000E-4
2.514847E-3	7.140000E-4
2.517608E-3	7.130000E-4
2.516309E-3	7.120000E-4
2.525303E-3	7.110000E-4
2.515621E-3	7.100000E-4
2.520619E-3	7.090000E-4
2.524300E-3	7.080000E-4
2.523074E-3	7.070000E-4
2.518306E-3	7.060000E-4
2.513774E-3	7.050000E-4
2.512697E-3	7.040000E-4
2.511319E-3	7.030000E-4
2.497944E-3	7.020000E-4
2.513775E-3	7.010000E-4
2.508704E-3	7.000000E-4
2.513621E-3	6.990000E-4
2.502635E-3	6.980000E-4
2.495489E-3	6.970000E-4
2.509552E-3	6.960000E-4
2.503017E-3	6.950000E-4
2.507404E-3	6.940000E-4
2.493487E-3	6.930000E-4
2.501640E-3	6.920000E-4
2.503937E-3	6.910000E-4
2.512240E-3	6.900000E-4
2.514388E-3	6.890000E-4
2.510858E-3	6.880000E-4
2.506322E-3	6.870000E-4
2.504786E-3	6.860000E-4
2.505789E-3	6.850000E-4
2.498406E-3	6.840000E-4
2.498637E-3	6.830000E-4
2.504944E-3	6.820000E-4
2.495259E-3	6.810000E-4
2.500706E-3	6.800000E-4
2.508400E-3	6.790000E-4
2.515318E-3	6.780000E-4
2.495179E-3	6.770000E-4
2.490184E-3	6.760000E-4
2.484113E-3	6.750000E-4
2.489728E-3	6.740000E-4
2.502105E-3	6.730000E-4
2.491954E-3	6.720000E-4
2.496336E-3	6.710000E-4
2.494035E-3	6.700000E-4
2.494801E-3	6.690000E-4
2.499025E-3	6.680000E-4
2.506559E-3	6.670000E-4
2.499643E-3	6.660000E-4
2.497796E-3	6.650000E-4
2.494340E-3	6.640000E-4
2.497262E-3	6.630000E-4
2.488034E-3	6.620000E-4
2.489883E-3	6.610000E-4
2.474968E-3	6.600000E-4
2.491649E-3	6.590000E-4
2.486116E-3	6.580000E-4
2.488805E-3	6.570000E-4
2.492499E-3	6.560000E-4
2.489274E-3	6.550000E-4
2.487038E-3	6.540000E-4
2.489343E-3	6.530000E-4
2.489497E-3	6.520000E-4
2.498639E-3	6.510000E-4
2.495110E-3	6.500000E-4
2.492570E-3	6.490000E-4
2.490960E-3	6.480000E-4
2.489884E-3	6.470000E-4
2.479894E-3	6.460000E-4
2.480130E-3	6.450000E-4
2.477890E-3	6.440000E-4
2.478508E-3	6.430000E-4
2.477509E-3	6.420000E-4
2.479357E-3	6.410000E-4
2.471362E-3	6.400000E-4
2.477752E-3	6.390000E-4
2.477134E-3	6.380000E-4
2.470750E-3	6.370000E-4
2.477593E-3	6.360000E-4
2.483433E-3	6.350000E-4
2.472748E-3	6.340000E-4
2.470829E-3	6.330000E-4
2.474668E-3	6.320000E-4
2.465297E-3	6.310000E-4
2.463452E-3	6.300000E-4
2.460535E-3	6.290000E-4
2.470603E-3	6.280000E-4
2.450919E-3	6.270000E-4
2.458376E-3	6.260000E-4
2.468457E-3	6.250000E-4
2.459928E-3	6.240000E-4
2.457002E-3	6.230000E-4
2.462459E-3	6.220000E-4
2.452782E-3	6.210000E-4
2.461000E-3	6.200000E-4
2.454615E-3	6.190000E-4
2.440256E-3	6.180000E-4
2.449705E-3	6.170000E-4
2.453310E-3	6.160000E-4
2.459615E-3	6.150000E-4
2.440637E-3	6.140000E-4
2.452157E-3	6.130000E-4
2.458623E-3	6.120000E-4
2.451086E-3	6.110000E-4
2.441718E-3	6.100000E-4
2.460229E-3	6.090000E-4
2.455394E-3	6.080000E-4
2.452464E-3	6.070000E-4
2.448391E-3	6.060000E-4
2.435949E-3	6.050000E-4
2.428191E-3	6.040000E-4
2.435564E-3	6.030000E-4
2.436334E-3	6.020000E-4
2.438791E-3	6.010000E-4
2.440095E-3	6.000000E-4
2.430879E-3	5.990000E-4
2.437871E-3	5.980000E-4
2.431718E-3	5.970000E-4
2.439404E-3	5.960000E-4
2.421269E-3	5.950000E-4
2.423269E-3	5.940000E-4
2.423809E-3	5.930000E-4
2.423114E-3	5.920000E-4
2.417043E-3	5.910000E-4
2.423044E-3	5.900000E-4
2.416430E-3	5.890000E-4
2.414584E-3	5.880000E-4
2.420889E-3	5.870000E-4
2.414975E-3	5.860000E-4
2.418206E-3	5.850000E-4
2.418431E-3	5.840000E-4
2.415130E-3	5.830000E-4
2.421821E-3	5.820000E-4
2.412670E-3	5.810000E-4
2.411136E-3	5.800000E-4
2.412436E-3	5.790000E-4
2.407522E-3	5.780000E-4
2.402914E-3	5.770000E-4
2.400530E-3	5.760000E-4
2.394917E-3	5.750000E-4
2.399919E-3	5.740000E-4
2.400376E-3	5.730000E-4
2.393464E-3	5.720000E-4
2.389466E-3	5.710000E-4
2.391080E-3	5.700000E-4
2.380936E-3	5.690000E-4
2.382627E-3	5.680000E-4
2.374716E-3	5.670000E-4
2.378094E-3	5.660000E-4
2.366797E-3	5.650000E-4
2.371406E-3	5.640000E-4
2.370335E-3	5.630000E-4
2.372564E-3	5.620000E-4
2.354504E-3	5.610000E-4
2.360738E-3	5.600000E-4
2.359659E-3	5.590000E-4
2.348431E-3	5.580000E-4
2.340292E-3	5.570000E-4
2.346210E-3	5.560000E-4
2.332987E-3	5.550000E-4
2.334462E-3	5.540000E-4
2.329075E-3	5.530000E-4
2.332459E-3	5.520000E-4
2.327699E-3	5.510000E-4
2.317935E-3	5.500000E-4
2.315407E-3	5.490000E-4
2.312783E-3	5.480000E-4
2.309172E-3	5.470000E-4
2.294727E-3	5.460000E-4
2.299959E-3	5.450000E-4
2.298966E-3	5.440000E-4
2.302576E-3	5.430000E-4
2.292585E-3	5.420000E-4
2.284980E-3	5.410000E-4
2.281679E-3	5.400000E-4
2.280443E-3	5.390000E-4
2.276448E-3	5.380000E-4
2.260853E-3	5.370000E-4
2.266467E-3	5.360000E-4
2.255321E-3	5.350000E-4
2.259934E-3	5.340000E-4
2.247255E-3	5.330000E-4
2.249715E-3	5.320000E-4
2.248258E-3	5.310000E-4
2.240497E-3	5.300000E-4
2.235499E-3	5.290000E-4
2.225665E-3	5.280000E-4
2.232892E-3	5.270000E-4
2.215293E-3	5.260000E-4
2.220437E-3	5.250000E-4
2.213678E-3	5.240000E-4
2.207450E-3	5.230000E-4
2.201694E-3	5.220000E-4
2.199006E-3	5.210000E-4
2.192707E-3	5.200000E-4
2.189789E-3	5.190000E-4
2.182258E-3	5.180000E-4
2.178112E-3	5.170000E-4
2.172193E-3	5.160000E-4
2.175040E-3	5.150000E-4
2.173266E-3	5.140000E-4
2.164584E-3	5.130000E-4
2.156369E-3	5.120000E-4
2.155904E-3	5.110000E-4
2.146448E-3	5.100000E-4
2.135845E-3	5.090000E-4
2.139613E-3	5.080000E-4
2.134160E-3	5.070000E-4
2.131244E-3	5.060000E-4
2.128245E-3	5.050000E-4
2.125947E-3	5.040000E-4
2.116106E-3	5.030000E-4
2.118640E-3	5.020000E-4
2.111804E-3	5.010000E-4
2.110732E-3	5.000000E-4
2.111497E-3	4.990000E-4
2.103587E-3	4.980000E-4
2.091212E-3	4.970000E-4
2.085993E-3	4.960000E-4
2.081309E-3	4.950000E-4
2.077155E-3	4.940000E-4
2.072158E-3	4.930000E-4
2.070471E-3	4.920000E-4
2.059484E-3	4.910000E-4
2.060714E-3	4.900000E-4
2.057562E-3	4.890000E-4
2.048416E-3	4.880000E-4
2.047810E-3	4.870000E-4
2.044735E-3	4.860000E-4
2.043581E-3	4.850000E-4
2.029135E-3	4.840000E-4
2.024750E-3	4.830000E-4
2.024140E-3	4.820000E-4
2.021303E-3	4.810000E-4
2.016694E-3	4.800000E-4
2.011846E-3	4.790000E-4
2.002784E-3	4.780000E-4
2.000477E-3	4.770000E-4
1.996872E-3	4.760000E-4
1.994714E-3	4.750000E-4
1.995406E-3	4.740000E-4
1.984032E-3	4.730000E-4
1.981274E-3	4.720000E-4
1.967435E-3	4.710000E-4
1.964743E-3	4.700000E-4
1.961523E-3	4.690000E-4
1.962445E-3	4.680000E-4
1.955997E-3	4.670000E-4
1.952611E-3	4.660000E-4
1.954538E-3	4.650000E-4
1.937016E-3	4.640000E-4
1.936173E-3	4.630000E-4
1.937018E-3	4.620000E-4
1.928024E-3	4.610000E-4
1.928333E-3	4.600000E-4
1.922649E-3	4.590000E-4
1.912123E-3	4.580000E-4
1.908514E-3	4.570000E-4
1.904901E-3	4.560000E-4
1.904286E-3	4.550000E-4
1.898294E-3	4.540000E-4
1.897909E-3	4.530000E-4
1.889231E-3	4.520000E-4
1.887926E-3	4.510000E-4
1.879780E-3	4.500000E-4
1.870102E-3	4.490000E-4
1.873632E-3	4.480000E-4
1.870949E-3	4.470000E-4
1.861954E-3	4.460000E-4
1.856193E-3	4.450000E-4
1.854966E-3	4.440000E-4
1.854577E-3	4.430000E-4
1.849970E-3	4.420000E-4
1.844363E-3	4.410000E-4
1.836827E-3	4.400000E-4
1.833908E-3	4.390000E-4
1.824767E-3	4.380000E-4
1.829304E-3	4.370000E-4
1.820464E-3	4.360000E-4
1.812395E-3	4.350000E-4
1.804175E-3	4.340000E-4
1.803869E-3	4.330000E-4
1.799030E-3	4.320000E-4
1.799572E-3	4.310000E-4
1.795575E-3	4.300000E-4
1.786122E-3	4.290000E-4
1.778672E-3	4.280000E-4
1.780283E-3	4.270000E-4
1.772836E-3	4.260000E-4
1.766686E-3	4.250000E-4
1.767070E-3	4.240000E-4
1.767147E-3	4.230000E-4
1.761233E-3	4.220000E-4
1.751164E-3	4.210000E-4
1.745631E-3	4.200000E-4
1.744325E-3	4.190000E-4
1.738258E-3	4.180000E-4
1.732882E-3	4.170000E-4
1.722817E-3	4.160000E-4
1.725125E-3	4.150000E-4
1.722738E-3	4.140000E-4
1.712137E-3	4.130000E-4
1.708295E-3	4.120000E-4
1.707601E-3	4.110000E-4
1.693848E-3	4.100000E-4
1.699231E-3	4.090000E-4
1.681630E-3	4.080000E-4
1.684558E-3	4.070000E-4
1.677332E-3	4.060000E-4
1.680178E-3	4.050000E-4
1.667267E-3	4.040000E-4
1.666270E-3	4.030000E-4
1.667120E-3	4.020000E-4
1.666350E-3	4.010000E-4
1.661894E-3	4.000000E-4
1.649901E-3	3.990000E-4
1.652754E-3	3.980000E-4
1.641534E-3	3.970000E-4
1.634615E-3	3.960000E-4
1.633001E-3	3.950000E-4
1.630242E-3	3.940000E-4
1.624401E-3	3.930000E-4
1.615176E-3	3.920000E-4
1.616177E-3	3.910000E-4
1.604648E-3	3.900000E-4
1.608874E-3	3.890000E-4
1.601652E-3	3.880000E-4
1.590899E-3	3.870000E-4
1.588442E-3	3.860000E-4
1.586977E-3	3.850000E-4
1.582142E-3	3.840000E-4
1.580835E-3	3.830000E-4
1.567391E-3	3.820000E-4
1.569620E-3	3.810000E-4
1.564779E-3	3.800000E-4
1.557324E-3	3.790000E-4
1.549483E-3	3.780000E-4
1.551178E-3	3.770000E-4
1.545570E-3	3.760000E-4
1.535348E-3	3.750000E-4
1.540728E-3	3.740000E-4
1.527432E-3	3.730000E-4
1.523517E-3	3.720000E-4
1.521521E-3	3.710000E-4
1.518603E-3	3.700000E-4
1.504232E-3	3.690000E-4
1.507541E-3	3.680000E-4
1.507850E-3	3.670000E-4
1.503932E-3	3.660000E-4
1.495633E-3	3.650000E-4
1.490945E-3	3.640000E-4
1.482184E-3	3.630000E-4
1.478887E-3	3.620000E-4
1.471886E-3	3.610000E-4
1.479269E-3	3.600000E-4
1.468589E-3	3.590000E-4
1.467207E-3	3.580000E-4
1.460288E-3	3.570000E-4
1.455759E-3	3.560000E-4
1.445614E-3	3.550000E-4
1.440165E-3	3.540000E-4
1.437702E-3	3.530000E-4
1.434629E-3	3.520000E-4
1.436245E-3	3.510000E-4
1.425409E-3	3.500000E-4
1.427331E-3	3.490000E-4
1.415725E-3	3.480000E-4
1.418953E-3	3.470000E-4
1.400436E-3	3.460000E-4
1.402360E-3	3.450000E-4
1.400745E-3	3.440000E-4
1.397057E-3	3.430000E-4
1.394751E-3	3.420000E-4
1.389838E-3	3.410000E-4
1.382000E-3	3.400000E-4
1.381005E-3	3.390000E-4
1.375241E-3	3.380000E-4
1.367326E-3	3.370000E-4
1.359028E-3	3.360000E-4
1.359487E-3	3.350000E-4
1.350655E-3	3.340000E-4
1.343816E-3	3.330000E-4
1.347966E-3	3.320000E-4
1.339130E-3	3.310000E-4
1.338511E-3	3.300000E-4
1.329369E-3	3.290000E-4
1.323456E-3	3.280000E-4
1.315310E-3	3.270000E-4
1.316925E-3	3.260000E-4
1.308625E-3	3.250000E-4
1.313318E-3	3.240000E-4
1.304478E-3	3.230000E-4
1.294950E-3	3.220000E-4
1.301712E-3	3.210000E-4
1.295416E-3	3.200000E-4
1.277433E-3	3.190000E-4
1.293570E-3	3.180000E-4
1.275055E-3	3.170000E-4
1.270214E-3	3.160000E-4
1.270830E-3	3.150000E-4
1.264601E-3	3.140000E-4
1.260534E-3	3.130000E-4
1.261073E-3	3.120000E-4
1.248009E-3	3.110000E-4
1.243247E-3	3.100000E-4
1.237558E-3	3.090000E-4
1.233949E-3	3.080000E-4
1.234949E-3	3.070000E-4
1.233183E-3	3.060000E-4
1.220659E-3	3.050000E-4
1.219967E-3	3.040000E-4
1.213973E-3	3.030000E-4
1.205441E-3	3.020000E-4
1.206673E-3	3.010000E-4
1.199297E-3	3.000000E-4
1.190999E-3	2.990000E-4
1.189469E-3	2.980000E-4
1.189773E-3	2.970000E-4
1.185547E-3	2.960000E-4
1.182626E-3	2.950000E-4
1.181169E-3	2.940000E-4
1.183858E-3	2.930000E-4
1.167336E-3	2.920000E-4
1.160193E-3	2.910000E-4
1.160502E-3	2.900000E-4
1.150589E-3	2.890000E-4
1.150511E-3	2.880000E-4
1.142137E-3	2.870000E-4
1.128844E-3	2.860000E-4
1.126386E-3	2.850000E-4
1.124621E-3	2.840000E-4
1.129307E-3	2.830000E-4
1.127848E-3	2.820000E-4
1.114864E-3	2.810000E-4
1.114476E-3	2.800000E-4
1.109487E-3	2.790000E-4
1.105796E-3	2.780000E-4
1.100420E-3	2.770000E-4
1.098191E-3	2.760000E-4
1.085131E-3	2.750000E-4
1.087817E-3	2.740000E-4
1.094892E-3	2.730000E-4
1.080367E-3	2.720000E-4
1.077451E-3	2.710000E-4
1.072070E-3	2.700000E-4
1.070918E-3	2.690000E-4
1.062698E-3	2.680000E-4
1.056783E-3	2.670000E-4
1.047408E-3	2.660000E-4
1.048792E-3	2.650000E-4
1.047486E-3	2.640000E-4
1.037575E-3	2.630000E-4
1.036420E-3	2.620000E-4
1.029506E-3	2.610000E-4
1.028505E-3	2.600000E-4
1.025589E-3	2.590000E-4
1.019593E-3	2.580000E-4
1.013372E-3	2.570000E-4
1.006153E-3	2.560000E-4
1.006762E-3	2.550000E-4
9.974693E-4	2.540000E-4
1.000543E-3	2.530000E-4
9.900916E-4	2.520000E-4
9.906298E-4	2.510000E-4
9.842544E-4	2.500000E-4
9.777237E-4	2.490000E-4
9.671947E-4	2.480000E-4
9.707317E-4	2.470000E-4
9.618947E-4	2.460000E-4
9.604350E-4	2.450000E-4
9.470677E-4	2.440000E-4
9.446092E-4	2.430000E-4
9.433806E-4	2.420000E-4
9.401541E-4	2.410000E-4
9.395403E-4	2.400000E-4
9.264770E-4	2.390000E-4
9.274750E-4	2.380000E-4
9.227147E-4	2.370000E-4
9.131852E-4	2.360000E-4
9.067340E-4	2.350000E-4
9.047343E-4	2.340000E-4
9.082686E-4	2.330000E-4
8.952852E-4	2.320000E-4
8.988193E-4	2.310000E-4
8.939012E-4	2.300000E-4
8.849166E-4	2.290000E-4
8.827669E-4	2.280000E-4
8.784620E-4	2.270000E-4
8.797683E-4	2.260000E-4
8.720055E-4	2.250000E-4
8.567141E-4	2.240000E-4
8.628644E-4	2.230000E-4
8.566386E-4	2.220000E-4
8.476501E-4	2.210000E-4
8.460333E-4	2.200000E-4
8.448093E-4	2.190000E-4
8.332828E-4	2.180000E-4
8.305948E-4	2.170000E-4
8.287487E-4	2.160000E-4
8.255992E-4	2.150000E-4
8.182247E-4	2.140000E-4
8.129993E-4	2.130000E-4
8.033947E-4	2.120000E-4
8.060866E-4	2.110000E-4
8.009388E-4	2.100000E-4
7.918721E-4	2.090000E-4
7.937179E-4	2.080000E-4
7.885686E-4	2.070000E-4
7.808850E-4	2.060000E-4
7.733558E-4	2.050000E-4
7.768137E-4	2.040000E-4
7.679017E-4	2.030000E-4
7.653653E-4	2.020000E-4
7.646737E-4	2.010000E-4
7.563762E-4	2.000000E-4
7.398557E-4	1.990000E-4
7.470779E-4	1.980000E-4
7.459274E-4	1.970000E-4
7.322531E-4	1.960000E-4
7.351719E-4	1.950000E-4
7.221113E-4	1.940000E-4
7.295644E-4	1.930000E-4
7.202674E-4	1.920000E-4
7.091255E-4	1.910000E-4
7.093561E-4	1.900000E-4
7.029025E-4	1.890000E-4
6.980644E-4	1.880000E-4
6.945298E-4	1.870000E-4
6.886898E-4	1.860000E-4
6.852336E-4	1.850000E-4
6.801614E-4	1.840000E-4
6.746333E-4	1.830000E-4
6.743228E-4	1.820000E-4
6.723251E-4	1.810000E-4
6.679468E-4	1.800000E-4
6.539638E-4	1.790000E-4
6.578055E-4	1.780000E-4
6.541927E-4	1.770000E-4
6.458944E-4	1.760000E-4
6.449736E-4	1.750000E-4
6.389816E-4	1.740000E-4
6.369081E-4	1.730000E-4
6.302248E-4	1.720000E-4
6.186974E-4	1.710000E-4
6.184689E-4	1.700000E-4
6.081708E-4	1.690000E-4
6.084022E-4	1.680000E-4
6.085577E-4	1.670000E-4
6.058685E-4	1.660000E-4
5.928836E-4	1.650000E-4
5.973383E-4	1.640000E-4
5.864314E-4	1.630000E-4
5.804368E-4	1.620000E-4
5.785166E-4	1.610000E-4
5.763645E-4	1.600000E-4
5.626879E-4	1.590000E-4
5.722955E-4	1.580000E-4
5.696038E-4	1.570000E-4
5.533140E-4	1.560000E-4
5.510108E-4	1.550000E-4
5.510876E-4	1.540000E-4
5.444811E-4	1.530000E-4
5.411765E-4	1.520000E-4
5.304972E-4	1.510000E-4
5.259636E-4	1.500000E-4
5.261946E-4	1.490000E-4
5.192034E-4	1.480000E-4
5.249669E-4	1.470000E-4
5.059882E-4	1.460000E-4
5.137505E-4	1.450000E-4
5.086014E-4	1.440000E-4
5.124446E-4	1.430000E-4
4.964651E-4	1.420000E-4
4.931602E-4	1.410000E-4
4.916982E-4	1.400000E-4
4.823260E-4	1.390000E-4
4.859367E-4	1.380000E-4
4.765656E-4	1.370000E-4
4.678814E-4	1.360000E-4
4.618893E-4	1.350000E-4
4.572026E-4	1.340000E-4
4.527462E-4	1.330000E-4
4.518256E-4	1.320000E-4
4.459848E-4	1.310000E-4
4.477527E-4	1.300000E-4
4.386090E-4	1.290000E-4
4.419893E-4	1.280000E-4
4.305425E-4	1.270000E-4
4.291596E-4	1.260000E-4
4.201700E-4	1.250000E-4
4.146379E-4	1.240000E-4
4.078771E-4	1.230000E-4
4.038058E-4	1.220000E-4
4.049596E-4	1.210000E-4
3.991966E-4	1.200000E-4
3.953548E-4	1.190000E-4
3.889005E-4	1.180000E-4
3.885175E-4	1.170000E-4
3.782974E-4	1.160000E-4
3.758397E-4	1.150000E-4
3.676961E-4	1.140000E-4
3.706150E-4	1.130000E-4
3.614721E-4	1.120000E-4
3.622406E-4	1.110000E-4
3.483341E-4	1.100000E-4
3.562481E-4	1.090000E-4
3.441093E-4	1.080000E-4
3.411130E-4	1.070000E-4
3.336596E-4	1.060000E-4
3.324314E-4	1.050000E-4
3.299737E-4	1.040000E-4
3.249003E-4	1.030000E-4
3.221369E-4	1.020000E-4
3.380408E-4	1.010000E-4
3.017756E-4	1.000000E-4
3.093827E-4	9.900000E-5
3.051562E-4	9.800000E-5
3.003177E-4	9.700000E-5
3.018547E-4	9.600000E-5
3.051570E-4	9.500000E-5
2.912502E-4	9.400000E-5
2.794963E-4	9.300000E-5
2.804193E-4	9.200000E-5
2.762696E-4	9.100000E-5
2.742721E-4	9.000000E-5
2.560626E-4	8.900000E-5
2.541419E-4	8.800000E-5
2.649760E-4	8.700000E-5
2.589046E-4	8.600000E-5
2.480720E-4	8.500000E-5
2.320150E-4	8.400000E-5
2.272496E-4	8.300000E-5
2.318613E-4	8.200000E-5
2.259440E-4	8.100000E-5
2.092730E-4	8.000000E-5
2.231020E-4	7.900000E-5
2.140363E-4	7.800000E-5
2.093502E-4	7.700000E-5
2.061234E-4	7.600000E-5
2.019759E-4	7.500000E-5
1.980562E-4	7.400000E-5
1.862235E-4	7.300000E-5
1.819205E-4	7.200000E-5
1.743148E-4	7.100000E-5
1.723172E-4	7.000000E-5
1.730849E-4	6.900000E-5
1.711653E-4	6.800000E-5
1.567211E-4	6.700000E-5
1.561833E-4	6.600000E-5
1.193816E-4	6.500000E-5
1.138507E-4	6.400000E-5
9.986850E-5	6.300000E-5
5.937922E-5	6.200000E-5
2.188603E-5	6.100000E-5
-4.710718E-5	6.000000E-5
-4.779833E-5	5.900000E-5
-6.869615E-5	5.800000E-5
-8.790344E-5	5.700000E-5
-9.758405E-5	5.600000E-5
-8.390823E-5	5.500000E-5
-8.567539E-5	5.400000E-5
-9.988899E-5	5.300000E-5
-1.078792E-4	5.200000E-5
-8.782656E-5	5.100000E-5
-7.730084E-5	5.000000E-5
-1.069573E-4	4.900000E-5
-9.381933E-5	4.800000E-5
-9.458764E-5	4.700000E-5
-9.919744E-5	4.600000E-5
-9.435721E-5	4.500000E-5
-1.037305E-4	4.400000E-5
-8.821068E-5	4.300000E-5
-1.026548E-4	4.200000E-5
-9.858285E-5	4.100000E-5
-1.025779E-4	4.000000E-5
-9.758399E-5	3.900000E-5
-9.520225E-5	3.800000E-5
-8.736561E-5	3.700000E-5
-9.412668E-5	3.600000E-5
-1.038842E-4	3.500000E-5
-9.796813E-5	3.400000E-5
-9.274375E-5	3.300000E-5
-9.297419E-5	3.200000E-5
-9.043890E-5	3.100000E-5
-9.581695E-5	3.000000E-5
-9.889023E-5	2.900000E-5
-9.082289E-5	2.800000E-5
-9.381938E-5	2.700000E-5
-8.751923E-5	2.600000E-5
-9.889030E-5	2.500000E-5
-9.504864E-5	2.400000E-5
-1.048061E-4	2.300000E-5
-1.062660E-4	2.200000E-5
-8.813401E-5	2.100000E-5
-9.412659E-5	2.000000E-5
-8.905595E-5	1.900000E-5
-1.041146E-4	1.800000E-5
-9.988901E-5	1.700000E-5
-9.397307E-5	1.600000E-5
-8.805710E-5	1.500000E-5
-9.235958E-5	1.400000E-5
-9.758397E-5	1.300000E-5
-1.017329E-4	1.200000E-5
-1.040377E-4	1.100000E-5
-9.620112E-5	1.000000E-5
-9.458776E-5	9.000000E-6
-1.078025E-4	8.000000E-6
-9.766082E-5	7.000000E-6
-9.958162E-5	6.000000E-6
-9.574021E-5	5.000000E-6
-1.000426E-4	4.000000E-6
-1.063426E-4	3.000000E-6
-1.022707E-4	2.000000E-6
-8.191067E-5	1.000000E-6
-1.094927E-4	0.000000E+0
-9.965843E-5	0.000000E+0
-9.259020E-5	-1.000000E-6
-1.073415E-4	-2.000000E-6
-8.790338E-5	-3.000000E-6
-1.001195E-4	-4.000000E-6
-9.589377E-5	-5.000000E-6
-9.458760E-5	-6.000000E-6
-1.042682E-4	-7.000000E-6
-1.001195E-4	-8.000000E-6
-9.696945E-5	-9.000000E-6
-9.735352E-5	-1.000000E-5
-9.796821E-5	-1.100000E-5
-1.015792E-4	-1.200000E-5
-9.658519E-5	-1.300000E-5
-9.812192E-5	-1.400000E-5
-9.804503E-5	-1.500000E-5
-9.620107E-5	-1.600000E-5
-1.049597E-4	-1.700000E-5
-1.015025E-4	-1.800000E-5
-1.057281E-4	-1.900000E-5
-9.581695E-5	-2.000000E-5
-1.015792E-4	-2.100000E-5
-1.049598E-4	-2.200000E-5
-1.015024E-4	-2.300000E-5
-9.174500E-5	-2.400000E-5
-9.735351E-5	-2.500000E-5
-1.030391E-4	-2.600000E-5
-9.335839E-5	-2.700000E-5
-8.244846E-5	-2.800000E-5
-1.047292E-4	-2.900000E-5
-1.068806E-4	-3.000000E-5
-9.105342E-5	-3.100000E-5
-9.958175E-5	-3.200000E-5
-1.098000E-4	-3.300000E-5
-9.919743E-5	-3.400000E-5
-1.092622E-4	-3.500000E-5
-1.014255E-4	-3.600000E-5
-1.066501E-4	-3.700000E-5
-1.068806E-4	-3.800000E-5
-9.827552E-5	-3.900000E-5
-1.076489E-4	-4.000000E-5
-1.064196E-4	-4.100000E-5
-1.011951E-4	-4.200000E-5
-9.527919E-5	-4.300000E-5
-1.085707E-4	-4.400000E-5
-1.015792E-4	-4.500000E-5
-1.006572E-4	-4.600000E-5
-9.589375E-5	-4.700000E-5
-9.066927E-5	-4.800000E-5
-9.512551E-5	-4.900000E-5
-1.096464E-4	-5.000000E-5
-1.014256E-4	-5.100000E-5
-9.428032E-5	-5.200000E-5
-1.144100E-4	-5.300000E-5
-1.045757E-4	-5.400000E-5
-9.719983E-5	-5.500000E-5
-1.161771E-4	-5.600000E-5
-1.176368E-4	-5.700000E-5
-1.277787E-4	-5.800000E-5
-1.519037E-4	-5.900000E-5
-1.828668E-4	-6.000000E-5
-2.103723E-4	-6.100000E-5
-2.521689E-4	-6.200000E-5
-2.796762E-4	-6.300000E-5
-3.335346E-4	-6.400000E-5
-3.371456E-4	-6.500000E-5
-3.535101E-4	-6.600000E-5
-3.711820E-4	-6.700000E-5
-3.682615E-4	-6.800000E-5
-3.777895E-4	-6.900000E-5
-3.691851E-4	-7.000000E-5
-3.741792E-4	-7.100000E-5
-3.815535E-4	-7.200000E-5
-3.955380E-4	-7.300000E-5
-3.939237E-4	-7.400000E-5
-3.936938E-4	-7.500000E-5
-4.085985E-4	-7.600000E-5
-4.102125E-4	-7.700000E-5
-4.177412E-4	-7.800000E-5
-4.181270E-4	-7.900000E-5
-4.235819E-4	-8.000000E-5
-4.338765E-4	-8.100000E-5
-4.318020E-4	-8.200000E-5
-4.452473E-4	-8.300000E-5
-4.382553E-4	-8.400000E-5
-4.515474E-4	-8.500000E-5
-4.473223E-4	-8.600000E-5
-4.560048E-4	-8.700000E-5
-4.589235E-4	-8.800000E-5
-4.492436E-4	-8.900000E-5
-4.663770E-4	-9.000000E-5
-4.604619E-4	-9.100000E-5
-4.622292E-4	-9.200000E-5
-4.739075E-4	-9.300000E-5
-4.811289E-4	-9.400000E-5
-4.799759E-4	-9.500000E-5
-4.982623E-4	-9.600000E-5
-4.894265E-4	-9.700000E-5
-5.061746E-4	-9.800000E-5
-4.972638E-4	-9.900000E-5
-5.146281E-4	-1.000000E-4
-5.181612E-4	-1.010000E-4
-5.101726E-4	-1.020000E-4
-5.157022E-4	-1.030000E-4
-5.210813E-4	-1.040000E-4
-5.376008E-4	-1.050000E-4
-5.391377E-4	-1.060000E-4
-5.384456E-4	-1.070000E-4
-5.492793E-4	-1.080000E-4
-5.508149E-4	-1.090000E-4
-5.613407E-4	-1.100000E-4
-5.707919E-4	-1.110000E-4
-5.651054E-4	-1.120000E-4
-5.719436E-4	-1.130000E-4
-5.701765E-4	-1.140000E-4
-5.751717E-4	-1.150000E-4
-5.834693E-4	-1.160000E-4
-5.820094E-4	-1.170000E-4
-5.933029E-4	-1.180000E-4
-5.992199E-4	-1.190000E-4
-6.017541E-4	-1.200000E-4
-6.031372E-4	-1.210000E-4
-6.051363E-4	-1.220000E-4
-6.275682E-4	-1.230000E-4
-6.267241E-4	-1.240000E-4
-6.292597E-4	-1.250000E-4
-6.298752E-4	-1.260000E-4
-6.304132E-4	-1.270000E-4
-6.306443E-4	-1.280000E-4
-6.424745E-4	-1.290000E-4
-6.460864E-4	-1.300000E-4
-6.524640E-4	-1.310000E-4
-6.499303E-4	-1.320000E-4
-6.566903E-4	-1.330000E-4
-6.652183E-4	-1.340000E-4
-6.720560E-4	-1.350000E-4
-6.684460E-4	-1.360000E-4
-6.702892E-4	-1.370000E-4
-6.696759E-4	-1.380000E-4
-6.846583E-4	-1.390000E-4
-6.920328E-4	-1.400000E-4
-6.825849E-4	-1.410000E-4
-6.931097E-4	-1.420000E-4
-6.988718E-4	-1.430000E-4
-7.015615E-4	-1.440000E-4
-7.088593E-4	-1.450000E-4
-7.113948E-4	-1.460000E-4
-7.200759E-4	-1.470000E-4
-7.236875E-4	-1.480000E-4
-7.296807E-4	-1.490000E-4
-7.362123E-4	-1.500000E-4
-7.404364E-4	-1.510000E-4
-7.434321E-4	-1.520000E-4
-7.408991E-4	-1.530000E-4
-7.471213E-4	-1.540000E-4
-7.641761E-4	-1.550000E-4
-7.628720E-4	-1.560000E-4
-7.713998E-4	-1.570000E-4
-7.690201E-4	-1.580000E-4
-7.701698E-4	-1.590000E-4
-7.813133E-4	-1.600000E-4
-7.721696E-4	-1.610000E-4
-7.840011E-4	-1.620000E-4
-7.936047E-4	-1.630000E-4
-8.006726E-4	-1.640000E-4
-8.011326E-4	-1.650000E-4
-8.117358E-4	-1.660000E-4
-8.148853E-4	-1.670000E-4
-8.151923E-4	-1.680000E-4
-8.239507E-4	-1.690000E-4
-8.216482E-4	-1.700000E-4
-8.261811E-4	-1.710000E-4
-8.331729E-4	-1.720000E-4
-8.223421E-4	-1.730000E-4
-8.462356E-4	-1.740000E-4
-8.392446E-4	-1.750000E-4
-8.492322E-4	-1.760000E-4
-8.576060E-4	-1.770000E-4
-8.575279E-4	-1.780000E-4
-8.584514E-4	-1.790000E-4
-8.649813E-4	-1.800000E-4
-8.711283E-4	-1.810000E-4
-8.753542E-4	-1.820000E-4
-8.796571E-4	-1.830000E-4
-8.816563E-4	-1.840000E-4
-8.877237E-4	-1.850000E-4
-8.902597E-4	-1.860000E-4
-8.923356E-4	-1.870000E-4
-9.030134E-4	-1.880000E-4
-9.049333E-4	-1.890000E-4
-9.047802E-4	-1.900000E-4
-9.188402E-4	-1.910000E-4
-9.191470E-4	-1.920000E-4
-9.232211E-4	-1.930000E-4
-9.300580E-4	-1.940000E-4
-9.338995E-4	-1.950000E-4
-9.335163E-4	-1.960000E-4
-9.410444E-4	-1.970000E-4
-9.451173E-4	-1.980000E-4
-9.499557E-4	-1.990000E-4
-9.564877E-4	-2.000000E-4
-9.621727E-4	-2.010000E-4
-9.663237E-4	-2.020000E-4
-9.753905E-4	-2.030000E-4
-9.680130E-4	-2.040000E-4
-9.744684E-4	-2.050000E-4
-9.816899E-4	-2.060000E-4
-9.855302E-4	-2.070000E-4
-9.877594E-4	-2.080000E-4
-1.002277E-3	-2.090000E-4
-1.006734E-3	-2.100000E-4
-1.009810E-3	-2.110000E-4
-1.005583E-3	-2.120000E-4
-1.010271E-3	-2.130000E-4
-1.012116E-3	-2.140000E-4
-1.021028E-3	-2.150000E-4
-1.028175E-3	-2.160000E-4
-1.036008E-3	-2.170000E-4
-1.041775E-3	-2.180000E-4
-1.042617E-3	-2.190000E-4
-1.047072E-3	-2.200000E-4
-1.046075E-3	-2.210000E-4
-1.043542E-3	-2.220000E-4
-1.054375E-3	-2.230000E-4
-1.067051E-3	-2.240000E-4
-1.067281E-3	-2.250000E-4
-1.065745E-3	-2.260000E-4
-1.078726E-3	-2.270000E-4
-1.078422E-3	-2.280000E-4
-1.082957E-3	-2.290000E-4
-1.096093E-3	-2.300000E-4
-1.087490E-3	-2.310000E-4
-1.094096E-3	-2.320000E-4
-1.103777E-3	-2.330000E-4
-1.112150E-3	-2.340000E-4
-1.111843E-3	-2.350000E-4
-1.123368E-3	-2.360000E-4
-1.121830E-3	-2.370000E-4
-1.124444E-3	-2.380000E-4
-1.128821E-3	-2.390000E-4
-1.133508E-3	-2.400000E-4
-1.138658E-3	-2.410000E-4
-1.140349E-3	-2.420000E-4
-1.150489E-3	-2.430000E-4
-1.156098E-3	-2.440000E-4
-1.163473E-3	-2.450000E-4
-1.161400E-3	-2.460000E-4
-1.169314E-3	-2.470000E-4
-1.175996E-3	-2.480000E-4
-1.171156E-3	-2.490000E-4
-1.174691E-3	-2.500000E-4
-1.184296E-3	-2.510000E-4
-1.191824E-3	-2.520000E-4
-1.196818E-3	-2.530000E-4
-1.199431E-3	-2.540000E-4
-1.202811E-3	-2.550000E-4
-1.210875E-3	-2.560000E-4
-1.214567E-3	-2.570000E-4
-1.219100E-3	-2.580000E-4
-1.218715E-3	-2.590000E-4
-1.230009E-3	-2.600000E-4
-1.226320E-3	-2.610000E-4
-1.234543E-3	-2.620000E-4
-1.236543E-3	-2.630000E-4
-1.242612E-3	-2.640000E-4
-1.248527E-3	-2.650000E-4
-1.257824E-3	-2.660000E-4
-1.242384E-3	-2.670000E-4
-1.259898E-3	-2.680000E-4
-1.261745E-3	-2.690000E-4
-1.269425E-3	-2.700000E-4
-1.273266E-3	-2.710000E-4
-1.273651E-3	-2.720000E-4
-1.284176E-3	-2.730000E-4
-1.280570E-3	-2.740000E-4
-1.292396E-3	-2.750000E-4
-1.292321E-3	-2.760000E-4
-1.297318E-3	-2.770000E-4
-1.299391E-3	-2.780000E-4
-1.304153E-3	-2.790000E-4
-1.310456E-3	-2.800000E-4
-1.314757E-3	-2.810000E-4
-1.319442E-3	-2.820000E-4
-1.326051E-3	-2.830000E-4
-1.329820E-3	-2.840000E-4
-1.329739E-3	-2.850000E-4
-1.339268E-3	-2.860000E-4
-1.343871E-3	-2.870000E-4
-1.344490E-3	-2.880000E-4
-1.355552E-3	-2.890000E-4
-1.357246E-3	-2.900000E-4
-1.360777E-3	-2.910000E-4
-1.363541E-3	-2.920000E-4
-1.366618E-3	-2.930000E-4
-1.368386E-3	-2.940000E-4
-1.370001E-3	-2.950000E-4
-1.379449E-3	-2.960000E-4
-1.386516E-3	-2.970000E-4
-1.386748E-3	-2.980000E-4
-1.393430E-3	-2.990000E-4
-1.399197E-3	-3.000000E-4
-1.399197E-3	-3.010000E-4
-1.405418E-3	-3.020000E-4
-1.402729E-3	-3.030000E-4
-1.419093E-3	-3.040000E-4
-1.425162E-3	-3.050000E-4
-1.418635E-3	-3.060000E-4
-1.423628E-3	-3.070000E-4
-1.434460E-3	-3.080000E-4
-1.431927E-3	-3.090000E-4
-1.443294E-3	-3.100000E-4
-1.446755E-3	-3.110000E-4
-1.448521E-3	-3.120000E-4
-1.454130E-3	-3.130000E-4
-1.460430E-3	-3.140000E-4
-1.461198E-3	-3.150000E-4
-1.465810E-3	-3.160000E-4
-1.468961E-3	-3.170000E-4
-1.482326E-3	-3.180000E-4
-1.479023E-3	-3.190000E-4
-1.485785E-3	-3.200000E-4
-1.495083E-3	-3.210000E-4
-1.484634E-3	-3.220000E-4
-1.495005E-3	-3.230000E-4
-1.506836E-3	-3.240000E-4
-1.508451E-3	-3.250000E-4
-1.513214E-3	-3.260000E-4
-1.522351E-3	-3.270000E-4
-1.527659E-3	-3.280000E-4
-1.527271E-3	-3.290000E-4
-1.540562E-3	-3.300000E-4
-1.534110E-3	-3.310000E-4
-1.542255E-3	-3.320000E-4
-1.546557E-3	-3.330000E-4
-1.554777E-3	-3.340000E-4
-1.558773E-3	-3.350000E-4
-1.564693E-3	-3.360000E-4
-1.566918E-3	-3.370000E-4
-1.570606E-3	-3.380000E-4
-1.573832E-3	-3.390000E-4
-1.580362E-3	-3.400000E-4
-1.589282E-3	-3.410000E-4
-1.592352E-3	-3.420000E-4
-1.591116E-3	-3.430000E-4
-1.600112E-3	-3.440000E-4
-1.608711E-3	-3.450000E-4
-1.606640E-3	-3.460000E-4
-1.606410E-3	-3.470000E-4
-1.618242E-3	-3.480000E-4
-1.625847E-3	-3.490000E-4
-1.631840E-3	-3.500000E-4
-1.632843E-3	-3.510000E-4
-1.632611E-3	-3.520000E-4
-1.639370E-3	-3.530000E-4
-1.640064E-3	-3.540000E-4
-1.649894E-3	-3.550000E-4
-1.648437E-3	-3.560000E-4
-1.652357E-3	-3.570000E-4
-1.666183E-3	-3.580000E-4
-1.663421E-3	-3.590000E-4
-1.669184E-3	-3.600000E-4
-1.680859E-3	-3.610000E-4
-1.681090E-3	-3.620000E-4
-1.683092E-3	-3.630000E-4
-1.680562E-3	-3.640000E-4
-1.685243E-3	-3.650000E-4
-1.698453E-3	-3.660000E-4
-1.699302E-3	-3.670000E-4
-1.707287E-3	-3.680000E-4
-1.706756E-3	-3.690000E-4
-1.714438E-3	-3.700000E-4
-1.720043E-3	-3.710000E-4
-1.726496E-3	-3.720000E-4
-1.730193E-3	-3.730000E-4
-1.735181E-3	-3.740000E-4
-1.740095E-3	-3.750000E-4
-1.750774E-3	-3.760000E-4
-1.752311E-3	-3.770000E-4
-1.753621E-3	-3.780000E-4
-1.757771E-3	-3.790000E-4
-1.757619E-3	-3.800000E-4
-1.765453E-3	-3.810000E-4
-1.772597E-3	-3.820000E-4
-1.773599E-3	-3.830000E-4
-1.775983E-3	-3.840000E-4
-1.788424E-3	-3.850000E-4
-1.797566E-3	-3.860000E-4
-1.798412E-3	-3.870000E-4
-1.801559E-3	-3.880000E-4
-1.800489E-3	-3.890000E-4
-1.810012E-3	-3.900000E-4
-1.807638E-3	-3.910000E-4
-1.814092E-3	-3.920000E-4
-1.818158E-3	-3.930000E-4
-1.820925E-3	-3.940000E-4
-1.831988E-3	-3.950000E-4
-1.825768E-3	-3.960000E-4
-1.835139E-3	-3.970000E-4
-1.843974E-3	-3.980000E-4
-1.843591E-3	-3.990000E-4
-1.851964E-3	-4.000000E-4
-1.856114E-3	-4.010000E-4
-1.861648E-3	-4.020000E-4
-1.865948E-3	-4.030000E-4
-1.872863E-3	-4.040000E-4
-1.875249E-3	-4.050000E-4
-1.873022E-3	-4.060000E-4
-1.886152E-3	-4.070000E-4
-1.888307E-3	-4.080000E-4
-1.897761E-3	-4.090000E-4
-1.894071E-3	-4.100000E-4
-1.903597E-3	-4.110000E-4
-1.910049E-3	-4.120000E-4
-1.909517E-3	-4.130000E-4
-1.916735E-3	-4.140000E-4
-1.917120E-3	-4.150000E-4
-1.924954E-3	-4.160000E-4
-1.929337E-3	-4.170000E-4
-1.930024E-3	-4.180000E-4
-1.941555E-3	-4.190000E-4
-1.946547E-3	-4.200000E-4
-1.954994E-3	-4.210000E-4
-1.952233E-3	-4.220000E-4
-1.953310E-3	-4.230000E-4
-1.961148E-3	-4.240000E-4
-1.961068E-3	-4.250000E-4
-1.970746E-3	-4.260000E-4
-1.976355E-3	-4.270000E-4
-1.981350E-3	-4.280000E-4
-1.982350E-3	-4.290000E-4
-1.987960E-3	-4.300000E-4
-1.989188E-3	-4.310000E-4
-1.997026E-3	-4.320000E-4
-1.999559E-3	-4.330000E-4
-2.011159E-3	-4.340000E-4
-2.017768E-3	-4.350000E-4
-2.009548E-3	-4.360000E-4
-2.012855E-3	-4.370000E-4
-2.020075E-3	-4.380000E-4
-2.030215E-3	-4.390000E-4
-2.033830E-3	-4.400000E-4
-2.037131E-3	-4.410000E-4
-2.044580E-3	-4.420000E-4
-2.044505E-3	-4.430000E-4
-2.055800E-3	-4.440000E-4
-2.057644E-3	-4.450000E-4
-2.066788E-3	-4.460000E-4
-2.067633E-3	-4.470000E-4
-2.069633E-3	-4.480000E-4
-2.072396E-3	-4.490000E-4
-2.083229E-3	-4.500000E-4
-2.080392E-3	-4.510000E-4
-2.090298E-3	-4.520000E-4
-2.082772E-3	-4.530000E-4
-2.085000E-3	-4.540000E-4
-2.107813E-3	-4.550000E-4
-2.107123E-3	-4.560000E-4
-2.107280E-3	-4.570000E-4
-2.116340E-3	-4.580000E-4
-2.118645E-3	-4.590000E-4
-2.123801E-3	-4.600000E-4
-2.133015E-3	-4.610000E-4
-2.133629E-3	-4.620000E-4
-2.136553E-3	-4.630000E-4
-2.139321E-3	-4.640000E-4
-2.140858E-3	-4.650000E-4
-2.152148E-3	-4.660000E-4
-2.158223E-3	-4.670000E-4
-2.155528E-3	-4.680000E-4
-2.163372E-3	-4.690000E-4
-2.168356E-3	-4.700000E-4
-2.176732E-3	-4.710000E-4
-2.178188E-3	-4.720000E-4
-2.183648E-3	-4.730000E-4
-2.187337E-3	-4.740000E-4
-2.193174E-3	-4.750000E-4
-2.194404E-3	-4.760000E-4
-2.205538E-3	-4.770000E-4
-2.210617E-3	-4.780000E-4
-2.216145E-3	-4.790000E-4
-2.216685E-3	-4.800000E-4
-2.215764E-3	-4.810000E-4
-2.223447E-3	-4.820000E-4
-2.224370E-3	-4.830000E-4
-2.237124E-3	-4.840000E-4
-2.240274E-3	-4.850000E-4
-2.233668E-3	-4.860000E-4
-2.237124E-3	-4.870000E-4
-2.245802E-3	-4.880000E-4
-2.255487E-3	-4.890000E-4
-2.262864E-3	-4.900000E-4
-2.264323E-3	-4.910000E-4
-2.256873E-3	-4.920000E-4
-2.262714E-3	-4.930000E-4
-2.273081E-3	-4.940000E-4
-2.270322E-3	-4.950000E-4
-2.282609E-3	-4.960000E-4
-2.287220E-3	-4.970000E-4
-2.289983E-3	-4.980000E-4
-2.304045E-3	-4.990000E-4
-2.304583E-3	-5.000000E-4
-2.303357E-3	-5.010000E-4
-2.309653E-3	-5.020000E-4
-2.313501E-3	-5.030000E-4
-2.314958E-3	-5.040000E-4
-2.320565E-3	-5.050000E-4
-2.329095E-3	-5.060000E-4
-2.333087E-3	-5.070000E-4
-2.342303E-3	-5.080000E-4
-2.339927E-3	-5.090000E-4
-2.347685E-3	-5.100000E-4
-2.345535E-3	-5.110000E-4
-2.350140E-3	-5.120000E-4
-2.357286E-3	-5.130000E-4
-2.358902E-3	-5.140000E-4
-2.363355E-3	-5.150000E-4
-2.371505E-3	-5.160000E-4
-2.378649E-3	-5.170000E-4
-2.376955E-3	-5.180000E-4
-2.381107E-3	-5.190000E-4
-2.390787E-3	-5.200000E-4
-2.394703E-3	-5.210000E-4
-2.395242E-3	-5.220000E-4
-2.406998E-3	-5.230000E-4
-2.401621E-3	-5.240000E-4
-2.406388E-3	-5.250000E-4
-2.423282E-3	-5.260000E-4
-2.425051E-3	-5.270000E-4
-2.412995E-3	-5.280000E-4
-2.423897E-3	-5.290000E-4
-2.426822E-3	-5.300000E-4
-2.434503E-3	-5.310000E-4
-2.435812E-3	-5.320000E-4
-2.436963E-3	-5.330000E-4
-2.441883E-3	-5.340000E-4
-2.447798E-3	-5.350000E-4
-2.450796E-3	-5.360000E-4
-2.458327E-3	-5.370000E-4
-2.460790E-3	-5.380000E-4
-2.459711E-3	-5.390000E-4
-2.467389E-3	-5.400000E-4
-2.462552E-3	-5.410000E-4
-2.477147E-3	-5.420000E-4
-2.485983E-3	-5.430000E-4
-2.477686E-3	-5.440000E-4
-2.490366E-3	-5.450000E-4
-2.492440E-3	-5.460000E-4
-2.500581E-3	-5.470000E-4
-2.499893E-3	-5.480000E-4
-2.507028E-3	-5.490000E-4
-2.509032E-3	-5.500000E-4
-2.513414E-3	-5.510000E-4
-2.514490E-3	-5.520000E-4
-2.514489E-3	-5.530000E-4
-2.521178E-3	-5.540000E-4
-2.527859E-3	-5.550000E-4
-2.535307E-3	-5.560000E-4
-2.529699E-3	-5.570000E-4
-2.535308E-3	-5.580000E-4
-2.538081E-3	-5.590000E-4
-2.548059E-3	-5.600000E-4
-2.550832E-3	-5.610000E-4
-2.552056E-3	-5.620000E-4
-2.561051E-3	-5.630000E-4
-2.555054E-3	-5.640000E-4
-2.555592E-3	-5.650000E-4
-2.560202E-3	-5.660000E-4
-2.566116E-3	-5.670000E-4
-2.565805E-3	-5.680000E-4
-2.568725E-3	-5.690000E-4
-2.581251E-3	-5.700000E-4
-2.585477E-3	-5.710000E-4
-2.590087E-3	-5.720000E-4
-2.585785E-3	-5.730000E-4
-2.591929E-3	-5.740000E-4
-2.594844E-3	-5.750000E-4
-2.587475E-3	-5.760000E-4
-2.590629E-3	-5.770000E-4
-2.598155E-3	-5.780000E-4
-2.592548E-3	-5.790000E-4
-2.593778E-3	-5.800000E-4
-2.602918E-3	-5.810000E-4
-2.609910E-3	-5.820000E-4
-2.606223E-3	-5.830000E-4
-2.603612E-3	-5.840000E-4
-2.614209E-3	-5.850000E-4
-2.610453E-3	-5.860000E-4
-2.616898E-3	-5.870000E-4
-2.615066E-3	-5.880000E-4
-2.621975E-3	-5.890000E-4
-2.634649E-3	-5.900000E-4
-2.623822E-3	-5.910000E-4
-2.626664E-3	-5.920000E-4
-2.622442E-3	-5.930000E-4
-2.630732E-3	-5.940000E-4
-2.624208E-3	-5.950000E-4
-2.636797E-3	-5.960000E-4
-2.628502E-3	-5.970000E-4
-2.631502E-3	-5.980000E-4
-2.630357E-3	-5.990000E-4
-2.633125E-3	-6.000000E-4
-2.637418E-3	-6.010000E-4
-2.644029E-3	-6.020000E-4
-2.642108E-3	-6.030000E-4
-2.641187E-3	-6.040000E-4
-2.642873E-3	-6.050000E-4
-2.643180E-3	-6.060000E-4
-2.646873E-3	-6.070000E-4
-2.653094E-3	-6.080000E-4
-2.644338E-3	-6.090000E-4
-2.646026E-3	-6.100000E-4
-2.640804E-3	-6.110000E-4
-2.648171E-3	-6.120000E-4
-2.644867E-3	-6.130000E-4
-2.646099E-3	-6.140000E-4
-2.649866E-3	-6.150000E-4
-2.655702E-3	-6.160000E-4
-2.650333E-3	-6.170000E-4
-2.658172E-3	-6.180000E-4
-2.657471E-3	-6.190000E-4
-2.649171E-3	-6.200000E-4
-2.651862E-3	-6.210000E-4
-2.657553E-3	-6.220000E-4
-2.648333E-3	-6.230000E-4
-2.653551E-3	-6.240000E-4
-2.649327E-3	-6.250000E-4
-2.650487E-3	-6.260000E-4
-2.661776E-3	-6.270000E-4
-2.653405E-3	-6.280000E-4
-2.652171E-3	-6.290000E-4
-2.657931E-3	-6.300000E-4
-2.652553E-3	-6.310000E-4
-2.661546E-3	-6.320000E-4
-2.661545E-3	-6.330000E-4
-2.658395E-3	-6.340000E-4
-2.666388E-3	-6.350000E-4
-2.661549E-3	-6.360000E-4
-2.643031E-3	-6.370000E-4
-2.656774E-3	-6.380000E-4
-2.659778E-3	-6.390000E-4
-2.665617E-3	-6.400000E-4
-2.669529E-3	-6.410000E-4
-2.672993E-3	-6.420000E-4
-2.667069E-3	-6.430000E-4
-2.669379E-3	-6.440000E-4
-2.661620E-3	-6.450000E-4
-2.662240E-3	-6.460000E-4
-2.670533E-3	-6.470000E-4
-2.663627E-3	-6.480000E-4
-2.663701E-3	-6.490000E-4
-2.662923E-3	-6.500000E-4
-2.675375E-3	-6.510000E-4
-2.671228E-3	-6.520000E-4
-2.674763E-3	-6.530000E-4
-2.678523E-3	-6.540000E-4
-2.686745E-3	-6.550000E-4
-2.680138E-3	-6.560000E-4
-2.676989E-3	-6.570000E-4
-2.677298E-3	-6.580000E-4
-2.670612E-3	-6.590000E-4
-2.671765E-3	-6.600000E-4
-2.672991E-3	-6.610000E-4
-2.677449E-3	-6.620000E-4
-2.663848E-3	-6.630000E-4
-2.683749E-3	-6.640000E-4
-2.681214E-3	-6.650000E-4
-2.680751E-3	-6.660000E-4
-2.688890E-3	-6.670000E-4
-2.683673E-3	-6.680000E-4
-2.695585E-3	-6.690000E-4
-2.685438E-3	-6.700000E-4
-2.686204E-3	-6.710000E-4
-2.686053E-3	-6.720000E-4
-2.684828E-3	-6.730000E-4
-2.688824E-3	-6.740000E-4
-2.681985E-3	-6.750000E-4
-2.683600E-3	-6.760000E-4
-2.692045E-3	-6.770000E-4
-2.688593E-3	-6.780000E-4
-2.689282E-3	-6.790000E-4
-2.689128E-3	-6.800000E-4
-2.685134E-3	-6.810000E-4
-2.682827E-3	-6.820000E-4
-2.690740E-3	-6.830000E-4
-2.689207E-3	-6.840000E-4
-2.690123E-3	-6.850000E-4
-2.686286E-3	-6.860000E-4
-2.680832E-3	-6.870000E-4
-2.686674E-3	-6.880000E-4
-2.686209E-3	-6.890000E-4
-2.690050E-3	-6.900000E-4
-2.695345E-3	-6.910000E-4
-2.692119E-3	-6.920000E-4
-2.688283E-3	-6.930000E-4
-2.694961E-3	-6.940000E-4
-2.692892E-3	-6.950000E-4
-2.701041E-3	-6.960000E-4
-2.700114E-3	-6.970000E-4
-2.699808E-3	-6.980000E-4
-2.699502E-3	-6.990000E-4
-2.697194E-3	-7.000000E-4
-2.703111E-3	-7.010000E-4
-2.702724E-3	-7.020000E-4
-2.705333E-3	-7.030000E-4
-2.698964E-3	-7.040000E-4
-2.698652E-3	-7.050000E-4
-2.706181E-3	-7.060000E-4
-2.703189E-3	-7.070000E-4
-2.707870E-3	-7.080000E-4
-2.706873E-3	-7.090000E-4
-2.708950E-3	-7.100000E-4
-2.706952E-3	-7.110000E-4
-2.705193E-3	-7.120000E-4
-2.714558E-3	-7.130000E-4
-2.711255E-3	-7.140000E-4
-2.712094E-3	-7.150000E-4
-2.709869E-3	-7.160000E-4
-2.714944E-3	-7.170000E-4
-2.713015E-3	-7.180000E-4
-2.709563E-3	-7.190000E-4
-2.720470E-3	-7.200000E-4
-2.725693E-3	-7.210000E-4
-2.713488E-3	-7.220000E-4
-2.720090E-3	-7.230000E-4
-2.718328E-3	-7.240000E-4
-2.718629E-3	-7.250000E-4
-2.722543E-3	-7.260000E-4
-2.727003E-3	-7.270000E-4
-2.729846E-3	-7.280000E-4
-2.732610E-3	-7.290000E-4
-2.724084E-3	-7.300000E-4
-2.736375E-3	-7.310000E-4
-2.732001E-3	-7.320000E-4
-2.733525E-3	-7.330000E-4
-2.744217E-3	-7.340000E-4
-2.745908E-3	-7.350000E-4
-2.740220E-3	-7.360000E-4
-2.747671E-3	-7.370000E-4
-2.752127E-3	-7.380000E-4
-2.746514E-3	-7.390000E-4
-2.750207E-3	-7.400000E-4
-2.749908E-3	-7.410000E-4
-2.750207E-3	-7.420000E-4
-2.753979E-3	-7.430000E-4
-2.762345E-3	-7.440000E-4
-2.764734E-3	-7.450000E-4
-2.765266E-3	-7.460000E-4
-2.772642E-3	-7.470000E-4
-2.772100E-3	-7.480000E-4
-2.776711E-3	-7.490000E-4
-2.777944E-3	-7.500000E-4
-2.792150E-3	-7.510000E-4
-2.789694E-3	-7.520000E-4
-2.792002E-3	-7.530000E-4
-2.791232E-3	-7.540000E-4
-2.788476E-3	-7.550000E-4
-2.801527E-3	-7.560000E-4
-2.798921E-3	-7.570000E-4
-2.800527E-3	-7.580000E-4
-2.804833E-3	-7.590000E-4
-2.813669E-3	-7.600000E-4
-2.812750E-3	-7.610000E-4
-2.814137E-3	-7.620000E-4
-2.823122E-3	-7.630000E-4
-2.830646E-3	-7.640000E-4
-2.831034E-3	-7.650000E-4
-2.827889E-3	-7.660000E-4
-2.839410E-3	-7.670000E-4
-2.844019E-3	-7.680000E-4
-2.845099E-3	-7.690000E-4
-2.848012E-3	-7.700000E-4
-2.848479E-3	-7.710000E-4
-2.854926E-3	-7.720000E-4
-2.854547E-3	-7.730000E-4
-2.849631E-3	-7.740000E-4
-2.863078E-3	-7.750000E-4
-2.872375E-3	-7.760000E-4
-2.870756E-3	-7.770000E-4
-2.879517E-3	-7.780000E-4
-2.881903E-3	-7.790000E-4
-2.881517E-3	-7.800000E-4
-2.889046E-3	-7.810000E-4
-2.897955E-3	-7.820000E-4
-2.890270E-3	-7.830000E-4
-2.899264E-3	-7.840000E-4
-2.900562E-3	-7.850000E-4
-2.907321E-3	-7.860000E-4
-2.915322E-3	-7.870000E-4
-2.916860E-3	-7.880000E-4
-2.924765E-3	-7.890000E-4
-2.926839E-3	-7.900000E-4
-2.927611E-3	-7.910000E-4
-2.933756E-3	-7.920000E-4
-2.940435E-3	-7.930000E-4
-2.936835E-3	-7.940000E-4
-2.939751E-3	-7.950000E-4
-2.944672E-3	-7.960000E-4
-2.947589E-3	-7.970000E-4
-2.951045E-3	-7.980000E-4
-2.951117E-3	-7.990000E-4
-2.958735E-3	-8.000000E-4
-2.967942E-3	-8.010000E-4
-2.969785E-3	-8.020000E-4
-2.978778E-3	-8.030000E-4
-2.968100E-3	-8.040000E-4
-2.979316E-3	-8.050000E-4
-2.977474E-3	-8.060000E-4
-2.978869E-3	-8.070000E-4
-2.993145E-3	-8.080000E-4
-2.994456E-3	-8.090000E-4
-2.997597E-3	-8.100000E-4
-3.003209E-3	-8.110000E-4
-3.009043E-3	-8.120000E-4
-3.005216E-3	-8.130000E-4
-3.011126E-3	-8.140000E-4
-3.008052E-3	-8.150000E-4
-3.016045E-3	-8.160000E-4
-3.017357E-3	-8.170000E-4
-3.023422E-3	-8.180000E-4
-3.025954E-3	-8.190000E-4
-3.031412E-3	-8.200000E-4
-3.026191E-3	-8.210000E-4
-3.038861E-3	-8.220000E-4
-3.043084E-3	-8.230000E-4
-3.038948E-3	-8.240000E-4
-3.051160E-3	-8.250000E-4
-3.047628E-3	-8.260000E-4
-3.059068E-3	-8.270000E-4
-3.049010E-3	-8.280000E-4
-3.050475E-3	-8.290000E-4
-3.062071E-3	-8.300000E-4
-3.071828E-3	-8.310000E-4
-3.072976E-3	-8.320000E-4
-3.070755E-3	-8.330000E-4
-3.074281E-3	-8.340000E-4
-3.083048E-3	-8.350000E-4
-3.087801E-3	-8.360000E-4
-3.089037E-3	-8.370000E-4
-3.095025E-3	-8.380000E-4
-3.098870E-3	-8.390000E-4
-3.097256E-3	-8.400000E-4
-3.100790E-3	-8.410000E-4
-3.107785E-3	-8.420000E-4
-3.113321E-3	-8.430000E-4
-3.112160E-3	-8.440000E-4
-3.118848E-3	-8.450000E-4
-3.123524E-3	-8.460000E-4
-3.124461E-3	-8.470000E-4
-3.131825E-3	-8.480000E-4
-3.134525E-3	-8.490000E-4
-3.135980E-3	-8.500000E-4
-3.138596E-3	-8.510000E-4
-3.143121E-3	-8.520000E-4
-3.147354E-3	-8.530000E-4
-3.151731E-3	-8.540000E-4
-3.152421E-3	-8.550000E-4
-3.157718E-3	-8.560000E-4
-3.166633E-3	-8.570000E-4
-3.160565E-3	-8.580000E-4
-3.170554E-3	-8.590000E-4
-3.173005E-3	-8.600000E-4
-3.177314E-3	-8.610000E-4
-3.173554E-3	-8.620000E-4
-3.177548E-3	-8.630000E-4
-3.185536E-3	-8.640000E-4
-3.192603E-3	-8.650000E-4
-3.184690E-3	-8.660000E-4
-3.190080E-3	-8.670000E-4
-3.191917E-3	-8.680000E-4
-3.197756E-3	-8.690000E-4
-3.194996E-3	-8.700000E-4
-3.204135E-3	-8.710000E-4
-3.210819E-3	-8.720000E-4
-3.211428E-3	-8.730000E-4
-3.219573E-3	-8.740000E-4
-3.224109E-3	-8.750000E-4
-3.231865E-3	-8.760000E-4
-3.232709E-3	-8.770000E-4
-3.230333E-3	-8.780000E-4
-3.234559E-3	-8.790000E-4
-3.239161E-3	-8.800000E-4
-3.243013E-3	-8.810000E-4
-3.241241E-3	-8.820000E-4
-3.242478E-3	-8.830000E-4
-3.251992E-3	-8.840000E-4
-3.253154E-3	-8.850000E-4
-3.255229E-3	-8.860000E-4
-3.257693E-3	-8.870000E-4
-3.266214E-3	-8.880000E-4
-3.265299E-3	-8.890000E-4
-3.277350E-3	-8.900000E-4
-3.276897E-3	-8.910000E-4
-3.281807E-3	-8.920000E-4
-3.283343E-3	-8.930000E-4
-3.286642E-3	-8.940000E-4
-3.284736E-3	-8.950000E-4
-3.295634E-3	-8.960000E-4
-3.295789E-3	-8.970000E-4
-3.293104E-3	-8.980000E-4
-3.303163E-3	-8.990000E-4
-3.308543E-3	-9.000000E-4
-3.307244E-3	-9.010000E-4
-3.302098E-3	-9.020000E-4
-3.312704E-3	-9.030000E-4
-3.323145E-3	-9.040000E-4
-3.325290E-3	-9.050000E-4
-3.324605E-3	-9.060000E-4
-3.335279E-3	-9.070000E-4
-3.334588E-3	-9.080000E-4
-3.336586E-3	-9.090000E-4
-3.339350E-3	-9.100000E-4
-3.346504E-3	-9.110000E-4
-3.347578E-3	-9.120000E-4
-3.352722E-3	-9.130000E-4
-3.356559E-3	-9.140000E-4
-3.354182E-3	-9.150000E-4
-3.363097E-3	-9.160000E-4
-3.367157E-3	-9.170000E-4
-3.367628E-3	-9.180000E-4
-3.365092E-3	-9.190000E-4
-3.377843E-3	-9.200000E-4
-3.378150E-3	-9.210000E-4
-3.379297E-3	-9.220000E-4
-3.380155E-3	-9.230000E-4
-3.386605E-3	-9.240000E-4
-3.388299E-3	-9.250000E-4
-3.395908E-3	-9.260000E-4
-3.401431E-3	-9.270000E-4
-3.406279E-3	-9.280000E-4
-3.401816E-3	-9.290000E-4
-3.413576E-3	-9.300000E-4
-3.414264E-3	-9.310000E-4
-3.419944E-3	-9.320000E-4
-3.416805E-3	-9.330000E-4
-3.416116E-3	-9.340000E-4
-3.430097E-3	-9.350000E-4
-3.432477E-3	-9.360000E-4
-3.435774E-3	-9.370000E-4
-3.436929E-3	-9.380000E-4
-3.442078E-3	-9.390000E-4
-3.439086E-3	-9.400000E-4
-3.447850E-3	-9.410000E-4
-3.449230E-3	-9.420000E-4
-3.454533E-3	-9.430000E-4
-3.466351E-3	-9.440000E-4
-3.458067E-3	-9.450000E-4
-3.461898E-3	-9.460000E-4
-3.462977E-3	-9.470000E-4
-3.472352E-3	-9.480000E-4
-3.471586E-3	-9.490000E-4
-3.477114E-3	-9.500000E-4
-3.480041E-3	-9.510000E-4
-3.484646E-3	-9.520000E-4
-3.486875E-3	-9.530000E-4
-3.491787E-3	-9.540000E-4
-3.495715E-3	-9.550000E-4
-3.496863E-3	-9.560000E-4
-3.499168E-3	-9.570000E-4
-3.505540E-3	-9.580000E-4
-3.504545E-3	-9.590000E-4
-3.511921E-3	-9.600000E-4
-3.516531E-3	-9.610000E-4
-3.522824E-3	-9.620000E-4
-3.521673E-3	-9.630000E-4
-3.523744E-3	-9.640000E-4
-3.532510E-3	-9.650000E-4
-3.539813E-3	-9.660000E-4
-3.535121E-3	-9.670000E-4
-3.533660E-3	-9.680000E-4
-3.541807E-3	-9.690000E-4
-3.547409E-3	-9.700000E-4
-3.547115E-3	-9.710000E-4
-3.548875E-3	-9.720000E-4
-3.553327E-3	-9.730000E-4
-3.560165E-3	-9.740000E-4
-3.561777E-3	-9.750000E-4
-3.569310E-3	-9.760000E-4
-3.577455E-3	-9.770000E-4
-3.578214E-3	-9.780000E-4
-3.580377E-3	-9.790000E-4
-3.574309E-3	-9.800000E-4
-3.585448E-3	-9.810000E-4
-3.588059E-3	-9.820000E-4
-3.589978E-3	-9.830000E-4
-3.589520E-3	-9.840000E-4
-3.604727E-3	-9.850000E-4
-3.600503E-3	-9.860001E-4
-3.609028E-3	-9.869999E-4
-3.611344E-3	-9.880000E-4
-3.617252E-3	-9.890000E-4
-3.612035E-3	-9.900000E-4
-3.615641E-3	-9.910000E-4
-3.617259E-3	-9.920000E-4
-3.620109E-3	-9.930000E-4
-3.629310E-3	-9.940000E-4
-3.630319E-3	-9.950000E-4
-3.633540E-3	-9.960000E-4
-3.636849E-3	-9.970000E-4
-3.642527E-3	-9.980000E-4
-3.649146E-3	-9.990000E-4
-3.645913E-3	-1.000000E-3
