Meas. Voltage (V)	Meas. Current (A)	6/1/2026 2:54:31 PM
3.462389E-3	1.000000E-3
3.451090E-3	9.990000E-4
3.450095E-3	9.980000E-4
3.449248E-3	9.970000E-4
3.447023E-3	9.960000E-4
3.440260E-3	9.950000E-4
3.443645E-3	9.940000E-4
3.436568E-3	9.930000E-4
3.435269E-3	9.920000E-4
3.428347E-3	9.910000E-4
3.425595E-3	9.900000E-4
3.430130E-3	9.890000E-4
3.414905E-3	9.880000E-4
3.417056E-3	9.869999E-4
3.411371E-3	9.860001E-4
3.409764E-3	9.850000E-4
3.413763E-3	9.840000E-4
3.399157E-3	9.830000E-4
3.399928E-3	9.820000E-4
3.399319E-3	9.810000E-4
3.394553E-3	9.800000E-4
3.385870E-3	9.790000E-4
3.385107E-3	9.780000E-4
3.383333E-3	9.770000E-4
3.381187E-3	9.760000E-4
3.374502E-3	9.750000E-4
3.377108E-3	9.740000E-4
3.364048E-3	9.730000E-4
3.366278E-3	9.720000E-4
3.361669E-3	9.710000E-4
3.358902E-3	9.700000E-4
3.353064E-3	9.690000E-4
3.351063E-3	9.680000E-4
3.351607E-3	9.670000E-4
3.344842E-3	9.660000E-4
3.342071E-3	9.650000E-4
3.338852E-3	9.640000E-4
3.336851E-3	9.630000E-4
3.334473E-3	9.620000E-4
3.331013E-3	9.610000E-4
3.315795E-3	9.600000E-4
3.321711E-3	9.590000E-4
3.320711E-3	9.580000E-4
3.304647E-3	9.570000E-4
3.309954E-3	9.560000E-4
3.306503E-3	9.550000E-4
3.298041E-3	9.540000E-4
3.291050E-3	9.530000E-4
3.288750E-3	9.520000E-4
3.291975E-3	9.510000E-4
3.291672E-3	9.500000E-4
3.291912E-3	9.490000E-4
3.283451E-3	9.480000E-4
3.280302E-3	9.470000E-4
3.280765E-3	9.460000E-4
3.270386E-3	9.450000E-4
3.265165E-3	9.440000E-4
3.264167E-3	9.430000E-4
3.269403E-3	9.420000E-4
3.260863E-3	9.410000E-4
3.259791E-3	9.400000E-4
3.259871E-3	9.390000E-4
3.254184E-3	9.380000E-4
3.242811E-3	9.370000E-4
3.242115E-3	9.360000E-4
3.245191E-3	9.350000E-4
3.227595E-3	9.340000E-4
3.231208E-3	9.330000E-4
3.227445E-3	9.320000E-4
3.217220E-3	9.310000E-4
3.221065E-3	9.300000E-4
3.222679E-3	9.290000E-4
3.215766E-3	9.280000E-4
3.218847E-3	9.270000E-4
3.213004E-3	9.260000E-4
3.207320E-3	9.250000E-4
3.200320E-3	9.240000E-4
3.200946E-3	9.230000E-4
3.193405E-3	9.220000E-4
3.191330E-3	9.210000E-4
3.184031E-3	9.200000E-4
3.183577E-3	9.190000E-4
3.186276E-3	9.180000E-4
3.180729E-3	9.170000E-4
3.177129E-3	9.160000E-4
3.170210E-3	9.150000E-4
3.166750E-3	9.140000E-4
3.161219E-3	9.130000E-4
3.158217E-3	9.120000E-4
3.158682E-3	9.110000E-4
3.152303E-3	9.100000E-4
3.144692E-3	9.090000E-4
3.144703E-3	9.080000E-4
3.145618E-3	9.070000E-4
3.143324E-3	9.060000E-4
3.135319E-3	9.050000E-4
3.136871E-3	9.040000E-4
3.130557E-3	9.030000E-4
3.122334E-3	9.020000E-4
3.122424E-3	9.010000E-4
3.120189E-3	9.000000E-4
3.115886E-3	8.990000E-4
3.105275E-3	8.980000E-4
3.114117E-3	8.970000E-4
3.108731E-3	8.960000E-4
3.106518E-3	8.950000E-4
3.105279E-3	8.940000E-4
3.100904E-3	8.930000E-4
3.084925E-3	8.920000E-4
3.089764E-3	8.910000E-4
3.078851E-3	8.900000E-4
3.087003E-3	8.890000E-4
3.082007E-3	8.880000E-4
3.067403E-3	8.870000E-4
3.062800E-3	8.860000E-4
3.068410E-3	8.850000E-4
3.071635E-3	8.840000E-4
3.063807E-3	8.830000E-4
3.056190E-3	8.820000E-4
3.059114E-3	8.810000E-4
3.053889E-3	8.800000E-4
3.050809E-3	8.790000E-4
3.043287E-3	8.780000E-4
3.036365E-3	8.770000E-4
3.049358E-3	8.760000E-4
3.030832E-3	8.750000E-4
3.029146E-3	8.740000E-4
3.030919E-3	8.730000E-4
3.023312E-3	8.720000E-4
3.011165E-3	8.710000E-4
3.012394E-3	8.700000E-4
3.012706E-3	8.690000E-4
3.011475E-3	8.680000E-4
3.003641E-3	8.670000E-4
3.002030E-3	8.660000E-4
2.998880E-3	8.650000E-4
2.991112E-3	8.640000E-4
2.994571E-3	8.630000E-4
2.995043E-3	8.620000E-4
2.986040E-3	8.610000E-4
2.986282E-3	8.600000E-4
2.986131E-3	8.590000E-4
2.978596E-3	8.580000E-4
2.972220E-3	8.570000E-4
2.967298E-3	8.560000E-4
2.966455E-3	8.550000E-4
2.960698E-3	8.540000E-4
2.959005E-3	8.530000E-4
2.959163E-3	8.520000E-4
2.950561E-3	8.510000E-4
2.950330E-3	8.500000E-4
2.947182E-3	8.490000E-4
2.939723E-3	8.480000E-4
2.940181E-3	8.470000E-4
2.938185E-3	8.460000E-4
2.926501E-3	8.450000E-4
2.930502E-3	8.440000E-4
2.925428E-3	8.430000E-4
2.920748E-3	8.420000E-4
2.911750E-3	8.410000E-4
2.914361E-3	8.400000E-4
2.903757E-3	8.390000E-4
2.908069E-3	8.380000E-4
2.903683E-3	8.370000E-4
2.907690E-3	8.360000E-4
2.891927E-3	8.350000E-4
2.894008E-3	8.340000E-4
2.888088E-3	8.330000E-4
2.894470E-3	8.320000E-4
2.879404E-3	8.310000E-4
2.878405E-3	8.300000E-4
2.878413E-3	8.290000E-4
2.870495E-3	8.280000E-4
2.871179E-3	8.270000E-4
2.868266E-3	8.260000E-4
2.858361E-3	8.250000E-4
2.856892E-3	8.240000E-4
2.859747E-3	8.230000E-4
2.848903E-3	8.220000E-4
2.845908E-3	8.210000E-4
2.844916E-3	8.200000E-4
2.844445E-3	8.190000E-4
2.844147E-3	8.180000E-4
2.842153E-3	8.170000E-4
2.829308E-3	8.160000E-4
2.826781E-3	8.150000E-4
2.831166E-3	8.140000E-4
2.820860E-3	8.130000E-4
2.822855E-3	8.120000E-4
2.814022E-3	8.110000E-4
2.810034E-3	8.100000E-4
2.808566E-3	8.090000E-4
2.805419E-3	8.080000E-4
2.794276E-3	8.070000E-4
2.798820E-3	8.060000E-4
2.795508E-3	8.050000E-4
2.794975E-3	8.040000E-4
2.790360E-3	8.030000E-4
2.791893E-3	8.020000E-4
2.780298E-3	8.010000E-4
2.779915E-3	8.000000E-4
2.771536E-3	7.990000E-4
2.765933E-3	7.980000E-4
2.765081E-3	7.970000E-4
2.760465E-3	7.960000E-4
2.757236E-3	7.950000E-4
2.759319E-3	7.940000E-4
2.751495E-3	7.930000E-4
2.749575E-3	7.920000E-4
2.747874E-3	7.910000E-4
2.739123E-3	7.900000E-4
2.744179E-3	7.890000E-4
2.731965E-3	7.880000E-4
2.730198E-3	7.870000E-4
2.725284E-3	7.860000E-4
2.723593E-3	7.850000E-4
2.714215E-3	7.840000E-4
2.710375E-3	7.830000E-4
2.713303E-3	7.820000E-4
2.710077E-3	7.810000E-4
2.703619E-3	7.800000E-4
2.698543E-3	7.790000E-4
2.692938E-3	7.780000E-4
2.692399E-3	7.770000E-4
2.702550E-3	7.760000E-4
2.687796E-3	7.750000E-4
2.684413E-3	7.740000E-4
2.681572E-3	7.730000E-4
2.681417E-3	7.720000E-4
2.669124E-3	7.710000E-4
2.668815E-3	7.700000E-4
2.666204E-3	7.690000E-4
2.671742E-3	7.680000E-4
2.667357E-3	7.670000E-4
2.650294E-3	7.660000E-4
2.660286E-3	7.650000E-4
2.656303E-3	7.640000E-4
2.643694E-3	7.630000E-4
2.646376E-3	7.620000E-4
2.643927E-3	7.610000E-4
2.636551E-3	7.600000E-4
2.633399E-3	7.590000E-4
2.629626E-3	7.580000E-4
2.623796E-3	7.570000E-4
2.622184E-3	7.560000E-4
2.614574E-3	7.550000E-4
2.617803E-3	7.540000E-4
2.610964E-3	7.530000E-4
2.602357E-3	7.520000E-4
2.605660E-3	7.510000E-4
2.600827E-3	7.500000E-4
2.602590E-3	7.490000E-4
2.596597E-3	7.480000E-4
2.586989E-3	7.470000E-4
2.583693E-3	7.460000E-4
2.578997E-3	7.450000E-4
2.576925E-3	7.440000E-4
2.573010E-3	7.430000E-4
2.575700E-3	7.420000E-4
2.569094E-3	7.410000E-4
2.568710E-3	7.400000E-4
2.559717E-3	7.390000E-4
2.563486E-3	7.380000E-4
2.555799E-3	7.370000E-4
2.551498E-3	7.360000E-4
2.548267E-3	7.350000E-4
2.550042E-3	7.340000E-4
2.542204E-3	7.330000E-4
2.533057E-3	7.320000E-4
2.526914E-3	7.310000E-4
2.525534E-3	7.300000E-4
2.523463E-3	7.290000E-4
2.525069E-3	7.280000E-4
2.516998E-3	7.270000E-4
2.511383E-3	7.260000E-4
2.512551E-3	7.250000E-4
2.515540E-3	7.240000E-4
2.502017E-3	7.230000E-4
2.498945E-3	7.220000E-4
2.497181E-3	7.210000E-4
2.491188E-3	7.200000E-4
2.495263E-3	7.190000E-4
2.481433E-3	7.180000E-4
2.483889E-3	7.170000E-4
2.476667E-3	7.160000E-4
2.474437E-3	7.150000E-4
2.473821E-3	7.140000E-4
2.464217E-3	7.130000E-4
2.466680E-3	7.120000E-4
2.463687E-3	7.110000E-4
2.466067E-3	7.100000E-4
2.454464E-3	7.090000E-4
2.454003E-3	7.080000E-4
2.458845E-3	7.070000E-4
2.452936E-3	7.060000E-4
2.438870E-3	7.050000E-4
2.438402E-3	7.040000E-4
2.429795E-3	7.030000E-4
2.431490E-3	7.020000E-4
2.431878E-3	7.010000E-4
2.424811E-3	7.000000E-4
2.425345E-3	6.990000E-4
2.415666E-3	6.980000E-4
2.417664E-3	6.970000E-4
2.409059E-3	6.960000E-4
2.413819E-3	6.950000E-4
2.412663E-3	6.940000E-4
2.412740E-3	6.930000E-4
2.405214E-3	6.920000E-4
2.400295E-3	6.910000E-4
2.400526E-3	6.900000E-4
2.397993E-3	6.890000E-4
2.390843E-3	6.880000E-4
2.392076E-3	6.870000E-4
2.390774E-3	6.860000E-4
2.396989E-3	6.850000E-4
2.394070E-3	6.840000E-4
2.381856E-3	6.830000E-4
2.379624E-3	6.820000E-4
2.373260E-3	6.810000E-4
2.373408E-3	6.800000E-4
2.378867E-3	6.790000E-4
2.378859E-3	6.780000E-4
2.378016E-3	6.770000E-4
2.392536E-3	6.760000E-4
2.384160E-3	6.750000E-4
2.371030E-3	6.740000E-4
2.368184E-3	6.730000E-4
2.369331E-3	6.720000E-4
2.362802E-3	6.710000E-4
2.365567E-3	6.700000E-4
2.373326E-3	6.690000E-4
2.362499E-3	6.680000E-4
2.355203E-3	6.670000E-4
2.359652E-3	6.660000E-4
2.356504E-3	6.650000E-4
2.365268E-3	6.640000E-4
2.349591E-3	6.630000E-4
2.356816E-3	6.620000E-4
2.352816E-3	6.610000E-4
2.369113E-3	6.600000E-4
2.363577E-3	6.590000E-4
2.352356E-3	6.580000E-4
2.339755E-3	6.570000E-4
2.339521E-3	6.560000E-4
2.334223E-3	6.550000E-4
2.337369E-3	6.540000E-4
2.346668E-3	6.530000E-4
2.346746E-3	6.520000E-4
2.338452E-3	6.510000E-4
2.334298E-3	6.500000E-4
2.330613E-3	6.490000E-4
2.325619E-3	6.480000E-4
2.339295E-3	6.470000E-4
2.346899E-3	6.460000E-4
2.340138E-3	6.450000E-4
2.337755E-3	6.440000E-4
2.339220E-3	6.430000E-4
2.337144E-3	6.420000E-4
2.348978E-3	6.410000E-4
2.341443E-3	6.400000E-4
2.328689E-3	6.390000E-4
2.346743E-3	6.380000E-4
2.327226E-3	6.370000E-4
2.322313E-3	6.360000E-4
2.326229E-3	6.350000E-4
2.336222E-3	6.340000E-4
2.328152E-3	6.330000E-4
2.328226E-3	6.320000E-4
2.335913E-3	6.310000E-4
2.334147E-3	6.300000E-4
2.325851E-3	6.290000E-4
2.326926E-3	6.280000E-4
2.337602E-3	6.270000E-4
2.323313E-3	6.260000E-4
2.311629E-3	6.250000E-4
2.312633E-3	6.240000E-4
2.305569E-3	6.230000E-4
2.316173E-3	6.220000E-4
2.317014E-3	6.210000E-4
2.308719E-3	6.200000E-4
2.300571E-3	6.190000E-4
2.297187E-3	6.180000E-4
2.320170E-3	6.170000E-4
2.307104E-3	6.160000E-4
2.299421E-3	6.150000E-4
2.299038E-3	6.140000E-4
2.289587E-3	6.130000E-4
2.295039E-3	6.120000E-4
2.304718E-3	6.110000E-4
2.327691E-3	6.100000E-4
2.318553E-3	6.090000E-4
2.324778E-3	6.080000E-4
2.310556E-3	6.070000E-4
2.308176E-3	6.060000E-4
2.298956E-3	6.050000E-4
2.294271E-3	6.040000E-4
2.301421E-3	6.030000E-4
2.306792E-3	6.020000E-4
2.313634E-3	6.010000E-4
2.304486E-3	6.000000E-4
2.302495E-3	5.990000E-4
2.302648E-3	5.980000E-4
2.301422E-3	5.970000E-4
2.300264E-3	5.960000E-4
2.308332E-3	5.950000E-4
2.303948E-3	5.940000E-4
2.311099E-3	5.930000E-4
2.316470E-3	5.920000E-4
2.326534E-3	5.910000E-4
2.309785E-3	5.900000E-4
2.307336E-3	5.890000E-4
2.304951E-3	5.880000E-4
2.305420E-3	5.870000E-4
2.301649E-3	5.860000E-4
2.298193E-3	5.850000E-4
2.295962E-3	5.840000E-4
2.299109E-3	5.830000E-4
2.290198E-3	5.820000E-4
2.294274E-3	5.810000E-4
2.300648E-3	5.800000E-4
2.303806E-3	5.790000E-4
2.301733E-3	5.780000E-4
2.293348E-3	5.770000E-4
2.300499E-3	5.760000E-4
2.292587E-3	5.750000E-4
2.291124E-3	5.740000E-4
2.293424E-3	5.730000E-4
2.295189E-3	5.720000E-4
2.296882E-3	5.710000E-4
2.290049E-3	5.700000E-4
2.297877E-3	5.690000E-4
2.294036E-3	5.680000E-4
2.288053E-3	5.670000E-4
2.285130E-3	5.660000E-4
2.289283E-3	5.650000E-4
2.289977E-3	5.640000E-4
2.273063E-3	5.630000E-4
2.284823E-3	5.620000E-4
2.282676E-3	5.610000E-4
2.279144E-3	5.600000E-4
2.273839E-3	5.590000E-4
2.283059E-3	5.580000E-4
2.278295E-3	5.570000E-4
2.267767E-3	5.560000E-4
2.272295E-3	5.550000E-4
2.263692E-3	5.540000E-4
2.260852E-3	5.530000E-4
2.258552E-3	5.520000E-4
2.263539E-3	5.510000E-4
2.265775E-3	5.500000E-4
2.255631E-3	5.490000E-4
2.254478E-3	5.480000E-4
2.241257E-3	5.470000E-4
2.251332E-3	5.460000E-4
2.242415E-3	5.450000E-4
2.244263E-3	5.440000E-4
2.254712E-3	5.430000E-4
2.244407E-3	5.420000E-4
2.234427E-3	5.410000E-4
2.229349E-3	5.400000E-4
2.222357E-3	5.390000E-4
2.214985E-3	5.380000E-4
2.211371E-3	5.370000E-4
2.212764E-3	5.360000E-4
2.212223E-3	5.350000E-4
2.208690E-3	5.340000E-4
2.204846E-3	5.330000E-4
2.195084E-3	5.320000E-4
2.195851E-3	5.310000E-4
2.191859E-3	5.300000E-4
2.187324E-3	5.290000E-4
2.182331E-3	5.280000E-4
2.181564E-3	5.270000E-4
2.179490E-3	5.260000E-4
2.176187E-3	5.250000E-4
2.169966E-3	5.240000E-4
2.166125E-3	5.230000E-4
2.164205E-3	5.220000E-4
2.162590E-3	5.210000E-4
2.163279E-3	5.200000E-4
2.155208E-3	5.190000E-4
2.144839E-3	5.180000E-4
2.146990E-3	5.170000E-4
2.135694E-3	5.160000E-4
2.130551E-3	5.150000E-4
2.127397E-3	5.140000E-4
2.116411E-3	5.130000E-4
2.116950E-3	5.120000E-4
2.116336E-3	5.110000E-4
2.109646E-3	5.100000E-4
2.112881E-3	5.090000E-4
2.106731E-3	5.080000E-4
2.099202E-3	5.070000E-4
2.096738E-3	5.060000E-4
2.091442E-3	5.050000E-4
2.087142E-3	5.040000E-4
2.089142E-3	5.030000E-4
2.089526E-3	5.020000E-4
2.082610E-3	5.010000E-4
2.077461E-3	5.000000E-4
2.078308E-3	4.990000E-4
2.064019E-3	4.980000E-4
2.067396E-3	4.970000E-4
2.059252E-3	4.960000E-4
2.050879E-3	4.950000E-4
2.048421E-3	4.940000E-4
2.040125E-3	4.930000E-4
2.040587E-3	4.920000E-4
2.037892E-3	4.910000E-4
2.031898E-3	4.900000E-4
2.029053E-3	4.890000E-4
2.023906E-3	4.880000E-4
2.021218E-3	4.870000E-4
2.014691E-3	4.860000E-4
2.015232E-3	4.850000E-4
2.004246E-3	4.840000E-4
1.998712E-3	4.830000E-4
1.995410E-3	4.820000E-4
1.988109E-3	4.810000E-4
1.983261E-3	4.800000E-4
1.981657E-3	4.790000E-4
1.976892E-3	4.780000E-4
1.975352E-3	4.770000E-4
1.972279E-3	4.760000E-4
1.967521E-3	4.750000E-4
1.958145E-3	4.740000E-4
1.955690E-3	4.730000E-4
1.964370E-3	4.720000E-4
1.946162E-3	4.710000E-4
1.944697E-3	4.700000E-4
1.932635E-3	4.690000E-4
1.929253E-3	4.680000E-4
1.931949E-3	4.670000E-4
1.924490E-3	4.660000E-4
1.915654E-3	4.650000E-4
1.920194E-3	4.640000E-4
1.910896E-3	4.630000E-4
1.909822E-3	4.620000E-4
1.902441E-3	4.610000E-4
1.908363E-3	4.600000E-4
1.886844E-3	4.590000E-4
1.880850E-3	4.580000E-4
1.888230E-3	4.570000E-4
1.886849E-3	4.560000E-4
1.870715E-3	4.550000E-4
1.873251E-3	4.540000E-4
1.867178E-3	4.530000E-4
1.860420E-3	4.520000E-4
1.861803E-3	4.510000E-4
1.857425E-3	4.500000E-4
1.854199E-3	4.490000E-4
1.848511E-3	4.480000E-4
1.842286E-3	4.470000E-4
1.836141E-3	4.460000E-4
1.829149E-3	4.450000E-4
1.821387E-3	4.440000E-4
1.819161E-3	4.430000E-4
1.818933E-3	4.420000E-4
1.806712E-3	4.410000E-4
1.808024E-3	4.400000E-4
1.801719E-3	4.390000E-4
1.788119E-3	4.380000E-4
1.794957E-3	4.370000E-4
1.787199E-3	4.360000E-4
1.787050E-3	4.350000E-4
1.784047E-3	4.340000E-4
1.778823E-3	4.330000E-4
1.772676E-3	4.320000E-4
1.769605E-3	4.310000E-4
1.760999E-3	4.300000E-4
1.759848E-3	4.290000E-4
1.760002E-3	4.280000E-4
1.749395E-3	4.270000E-4
1.744556E-3	4.260000E-4
1.739334E-3	4.250000E-4
1.737263E-3	4.240000E-4
1.740334E-3	4.230000E-4
1.724966E-3	4.220000E-4
1.717361E-3	4.210000E-4
1.731497E-3	4.200000E-4
1.714747E-3	4.190000E-4
1.713288E-3	4.180000E-4
1.707990E-3	4.170000E-4
1.697767E-3	4.160000E-4
1.682707E-3	4.150000E-4
1.686550E-3	4.140000E-4
1.688777E-3	4.130000E-4
1.690705E-3	4.120000E-4
1.679019E-3	4.110000E-4
1.680179E-3	4.100000E-4
1.673880E-3	4.090000E-4
1.659739E-3	4.080000E-4
1.663964E-3	4.070000E-4
1.654671E-3	4.060000E-4
1.646297E-3	4.050000E-4
1.644220E-3	4.040000E-4
1.639300E-3	4.030000E-4
1.637922E-3	4.020000E-4
1.628160E-3	4.010000E-4
1.628006E-3	4.000000E-4
1.628547E-3	3.990000E-4
1.622320E-3	3.980000E-4
1.617942E-3	3.970000E-4
1.613643E-3	3.960000E-4
1.608959E-3	3.950000E-4
1.601197E-3	3.940000E-4
1.599655E-3	3.930000E-4
1.595588E-3	3.920000E-4
1.587438E-3	3.910000E-4
1.586288E-3	3.900000E-4
1.580298E-3	3.890000E-4
1.575376E-3	3.880000E-4
1.568394E-3	3.870000E-4
1.569927E-3	3.860000E-4
1.554247E-3	3.850000E-4
1.554324E-3	3.840000E-4
1.548102E-3	3.830000E-4
1.545568E-3	3.820000E-4
1.538958E-3	3.810000E-4
1.536425E-3	3.800000E-4
1.535503E-3	3.790000E-4
1.534816E-3	3.780000E-4
1.527287E-3	3.770000E-4
1.522905E-3	3.760000E-4
1.516986E-3	3.750000E-4
1.511766E-3	3.740000E-4
1.517299E-3	3.730000E-4
1.506313E-3	3.720000E-4
1.499319E-3	3.710000E-4
1.500780E-3	3.700000E-4
1.493559E-3	3.690000E-4
1.485412E-3	3.680000E-4
1.477959E-3	3.670000E-4
1.481264E-3	3.660000E-4
1.474887E-3	3.650000E-4
1.471814E-3	3.640000E-4
1.469359E-3	3.630000E-4
1.457837E-3	3.620000E-4
1.460674E-3	3.610000E-4
1.449379E-3	3.600000E-4
1.447843E-3	3.590000E-4
1.440009E-3	3.580000E-4
1.434861E-3	3.570000E-4
1.432247E-3	3.560000E-4
1.428252E-3	3.550000E-4
1.421952E-3	3.540000E-4
1.419107E-3	3.530000E-4
1.415573E-3	3.520000E-4
1.405278E-3	3.510000E-4
1.401514E-3	3.500000E-4
1.392986E-3	3.490000E-4
1.399670E-3	3.480000E-4
1.389452E-3	3.470000E-4
1.386844E-3	3.460000E-4
1.379770E-3	3.450000E-4
1.379160E-3	3.440000E-4
1.380006E-3	3.430000E-4
1.370246E-3	3.420000E-4
1.364328E-3	3.410000E-4
1.364099E-3	3.400000E-4
1.356182E-3	3.390000E-4
1.339742E-3	3.380000E-4
1.335128E-3	3.370000E-4
1.337595E-3	3.360000E-4
1.333287E-3	3.350000E-4
1.326224E-3	3.340000E-4
1.327601E-3	3.330000E-4
1.336444E-3	3.320000E-4
1.318692E-3	3.310000E-4
1.317848E-3	3.300000E-4
1.315466E-3	3.290000E-4
1.309468E-3	3.280000E-4
1.309009E-3	3.270000E-4
1.293954E-3	3.260000E-4
1.294106E-3	3.250000E-4
1.287037E-3	3.240000E-4
1.283583E-3	3.230000E-4
1.280890E-3	3.220000E-4
1.273978E-3	3.210000E-4
1.271598E-3	3.200000E-4
1.258764E-3	3.190000E-4
1.262763E-3	3.180000E-4
1.267449E-3	3.170000E-4
1.246238E-3	3.160000E-4
1.249621E-3	3.150000E-4
1.239403E-3	3.140000E-4
1.236176E-3	3.130000E-4
1.226880E-3	3.120000E-4
1.228570E-3	3.110000E-4
1.220270E-3	3.100000E-4
1.215201E-3	3.090000E-4
1.216198E-3	3.080000E-4
1.208518E-3	3.070000E-4
1.198917E-3	3.060000E-4
1.199683E-3	3.050000E-4
1.188235E-3	3.040000E-4
1.195226E-3	3.030000E-4
1.190234E-3	3.020000E-4
1.185624E-3	3.010000E-4
1.188009E-3	3.000000E-4
1.176943E-3	2.990000E-4
1.167799E-3	2.980000E-4
1.157654E-3	2.970000E-4
1.148587E-3	2.960000E-4
1.144823E-3	2.950000E-4
1.146974E-3	2.940000E-4
1.144288E-3	2.930000E-4
1.146519E-3	2.920000E-4
1.142370E-3	2.910000E-4
1.130765E-3	2.900000E-4
1.130229E-3	2.890000E-4
1.119624E-3	2.880000E-4
1.112791E-3	2.870000E-4
1.112867E-3	2.860000E-4
1.105105E-3	2.850000E-4
1.101264E-3	2.840000E-4
1.106875E-3	2.830000E-4
1.102263E-3	2.820000E-4
1.102343E-3	2.810000E-4
1.092429E-3	2.800000E-4
1.088896E-3	2.790000E-4
1.074529E-3	2.780000E-4
1.083674E-3	2.770000E-4
1.073685E-3	2.760000E-4
1.076296E-3	2.750000E-4
1.064540E-3	2.740000E-4
1.058239E-3	2.730000E-4
1.055168E-3	2.720000E-4
1.043949E-3	2.710000E-4
1.046104E-3	2.700000E-4
1.038799E-3	2.690000E-4
1.040031E-3	2.680000E-4
1.036500E-3	2.670000E-4
1.031809E-3	2.660000E-4
1.023819E-3	2.650000E-4
1.017906E-3	2.640000E-4
1.010912E-3	2.630000E-4
1.004458E-3	2.620000E-4
1.003690E-3	2.610000E-4
9.943193E-4	2.600000E-4
9.959307E-4	2.590000E-4
9.923202E-4	2.580000E-4
9.921644E-4	2.570000E-4
9.830209E-4	2.560000E-4
9.791093E-4	2.550000E-4
9.750347E-4	2.540000E-4
9.701151E-4	2.530000E-4
9.708846E-4	2.520000E-4
9.631235E-4	2.510000E-4
9.528287E-4	2.500000E-4
9.540576E-4	2.490000E-4
9.506016E-4	2.480000E-4
9.423823E-4	2.470000E-4
9.475311E-4	2.460000E-4
9.336998E-4	2.450000E-4
9.319295E-4	2.440000E-4
9.340850E-4	2.430000E-4
9.287095E-4	2.420000E-4
9.168726E-4	2.410000E-4
9.094213E-4	2.400000E-4
9.116501E-4	2.390000E-4
9.037358E-4	2.380000E-4
9.082688E-4	2.370000E-4
9.013566E-4	2.360000E-4
8.866025E-4	2.350000E-4
8.911350E-4	2.340000E-4
8.905233E-4	2.330000E-4
8.787677E-4	2.320000E-4
8.696994E-4	2.310000E-4
8.670131E-4	2.300000E-4
8.726206E-4	2.290000E-4
8.670130E-4	2.280000E-4
8.612483E-4	2.270000E-4
8.513369E-4	2.260000E-4
8.461146E-4	2.250000E-4
8.441149E-4	2.240000E-4
8.465759E-4	2.230000E-4
8.368173E-4	2.220000E-4
8.368174E-4	2.210000E-4
8.271382E-4	2.200000E-4
8.149203E-4	2.190000E-4
8.194546E-4	2.180000E-4
8.132295E-4	2.170000E-4
8.033194E-4	2.160000E-4
7.993244E-4	2.150000E-4
7.990201E-4	2.140000E-4
8.003995E-4	2.130000E-4
7.937922E-4	2.120000E-4
7.909503E-4	2.110000E-4
7.746623E-4	2.100000E-4
7.739710E-4	2.090000E-4
7.695896E-4	2.080000E-4
7.712848E-4	2.070000E-4
7.562212E-4	2.060000E-4
7.595277E-4	2.050000E-4
7.476932E-4	2.040000E-4
7.449292E-4	2.030000E-4
7.450052E-4	2.020000E-4
7.320958E-4	2.010000E-4
7.373994E-4	2.000000E-4
7.314844E-4	1.990000E-4
7.315603E-4	1.980000E-4
7.273347E-4	1.970000E-4
7.235712E-4	1.960000E-4
7.172721E-4	1.950000E-4
7.152755E-4	1.940000E-4
7.101279E-4	1.930000E-4
7.024424E-4	1.920000E-4
7.001393E-4	1.910000E-4
6.956825E-4	1.900000E-4
6.903051E-4	1.890000E-4
6.846181E-4	1.880000E-4
6.826967E-4	1.870000E-4
6.737839E-4	1.860000E-4
6.704049E-4	1.850000E-4
6.688698E-4	1.840000E-4
6.615685E-4	1.830000E-4
6.563456E-4	1.820000E-4
6.550362E-4	1.810000E-4
6.455104E-4	1.800000E-4
6.415172E-4	1.790000E-4
6.444369E-4	1.780000E-4
6.399021E-4	1.770000E-4
6.289172E-4	1.760000E-4
6.263805E-4	1.750000E-4
6.259189E-4	1.740000E-4
6.149325E-4	1.730000E-4
6.114754E-4	1.720000E-4
6.094012E-4	1.710000E-4
6.024876E-4	1.700000E-4
5.946504E-4	1.690000E-4
5.963424E-4	1.680000E-4
5.901940E-4	1.670000E-4
5.843560E-4	1.660000E-4
5.811285E-4	1.650000E-4
5.740576E-4	1.640000E-4
5.685285E-4	1.630000E-4
5.667612E-4	1.620000E-4
5.575414E-4	1.610000E-4
5.549286E-4	1.600000E-4
5.513945E-4	1.590000E-4
5.438636E-4	1.580000E-4
5.470166E-4	1.570000E-4
5.414085E-4	1.560000E-4
5.377977E-4	1.550000E-4
5.322640E-4	1.540000E-4
5.298071E-4	1.530000E-4
5.165902E-4	1.520000E-4
5.212021E-4	1.510000E-4
5.232774E-4	1.500000E-4
5.170535E-4	1.490000E-4
5.028390E-4	1.480000E-4
4.988435E-4	1.470000E-4
4.956171E-4	1.460000E-4
4.916216E-4	1.450000E-4
4.961556E-4	1.440000E-4
4.867055E-4	1.430000E-4
4.797913E-4	1.420000E-4
4.710313E-4	1.410000E-4
4.688805E-4	1.400000E-4
4.701096E-4	1.390000E-4
4.644241E-4	1.380000E-4
4.591990E-4	1.370000E-4
4.493660E-4	1.360000E-4
4.532847E-4	1.350000E-4
4.495200E-4	1.340000E-4
4.457549E-4	1.330000E-4
4.412998E-4	1.320000E-4
4.375328E-4	1.310000E-4
4.273914E-4	1.300000E-4
4.255479E-4	1.290000E-4
4.233206E-4	1.280000E-4
4.147928E-4	1.270000E-4
4.121031E-4	1.260000E-4
4.026531E-4	1.250000E-4
3.986594E-4	1.240000E-4
3.968143E-4	1.230000E-4
3.947415E-4	1.220000E-4
3.942021E-4	1.210000E-4
3.810640E-4	1.200000E-4
3.852116E-4	1.190000E-4
3.756081E-4	1.180000E-4
3.707694E-4	1.170000E-4
3.679254E-4	1.160000E-4
3.553247E-4	1.150000E-4
3.614729E-4	1.140000E-4
3.577843E-4	1.130000E-4
3.496408E-4	1.120000E-4
3.454915E-4	1.110000E-4
3.447229E-4	1.100000E-4
3.394229E-4	1.090000E-4
3.348117E-4	1.080000E-4
3.279746E-4	1.070000E-4
3.206766E-4	1.060000E-4
3.268998E-4	1.050000E-4
3.225213E-4	1.040000E-4
3.096908E-4	1.030000E-4
3.100744E-4	1.020000E-4
3.038521E-4	1.010000E-4
3.000887E-4	1.000000E-4
2.930938E-4	9.900000E-5
2.870252E-4	9.800000E-5
2.897911E-4	9.700000E-5
2.831846E-4	9.600000E-5
2.911748E-4	9.500000E-5
2.651280E-4	9.400000E-5
2.654372E-4	9.300000E-5
2.774223E-4	9.200000E-5
2.575998E-4	9.100000E-5
2.600586E-4	9.000000E-5
2.464590E-4	8.900000E-5
2.599808E-4	8.800000E-5
2.473049E-4	8.700000E-5
2.402345E-4	8.600000E-5
2.347031E-4	8.500000E-5
2.412333E-4	8.400000E-5
2.256372E-4	8.300000E-5
2.169562E-4	8.200000E-5
2.122707E-4	8.100000E-5
2.149586E-4	8.000000E-5
2.116542E-4	7.900000E-5
2.155732E-4	7.800000E-5
1.953666E-4	7.700000E-5
1.990541E-4	7.600000E-5
1.888353E-4	7.500000E-5
1.796932E-4	7.400000E-5
1.778483E-4	7.300000E-5
1.836118E-4	7.200000E-5
1.760055E-4	7.100000E-5
1.726241E-4	7.000000E-5
1.672465E-4	6.900000E-5
1.585651E-4	6.800000E-5
1.579503E-4	6.700000E-5
1.433535E-4	6.600000E-5
1.373594E-4	6.500000E-5
1.387430E-4	6.400000E-5
1.385896E-4	6.300000E-5
1.279108E-4	6.200000E-5
1.296007E-4	6.100000E-5
1.113924E-4	6.000000E-5
1.077053E-4	5.900000E-5
8.964977E-5	5.800000E-5
3.863539E-5	5.700000E-5
1.666107E-5	5.600000E-5
-5.010372E-5	5.500000E-5
-8.237165E-5	5.400000E-5
-8.367788E-5	5.300000E-5
-9.320478E-5	5.200000E-5
-9.036208E-5	5.100000E-5
-8.821073E-5	5.000000E-5
-9.658524E-5	4.900000E-5
-9.381936E-5	4.800000E-5
-1.037304E-4	4.700000E-5
-8.060461E-5	4.600000E-5
-9.136075E-5	4.500000E-5
-8.905587E-5	4.400000E-5
-9.581696E-5	4.300000E-5
-1.015024E-4	4.200000E-5
-9.159125E-5	4.100000E-5
-1.098001E-4	4.000000E-5
-9.743041E-5	3.900000E-5
-9.059260E-5	3.800000E-5
-9.297420E-5	3.700000E-5
-9.942799E-5	3.600000E-5
-9.451092E-5	3.500000E-5
-9.550961E-5	3.400000E-5
-9.712312E-5	3.300000E-5
-8.936322E-5	3.200000E-5
-9.428029E-5	3.100000E-5
-8.575217E-5	3.000000E-5
-9.604745E-5	2.900000E-5
-8.836437E-5	2.800000E-5
-9.305100E-5	2.700000E-5
-9.435707E-5	2.600000E-5
-1.090318E-4	2.500000E-5
-8.990106E-5	2.400000E-5
-1.003500E-4	2.300000E-5
-1.035000E-4	2.200000E-5
-9.320466E-5	2.100000E-5
-9.358878E-5	2.000000E-5
-9.958168E-5	1.900000E-5
-8.713508E-5	1.800000E-5
-9.950482E-5	1.700000E-5
-1.016560E-4	1.600000E-5
-1.111831E-4	1.500000E-5
-9.850597E-5	1.400000E-5
-1.005803E-4	1.300000E-5
-9.574016E-5	1.200000E-5
-1.030389E-4	1.100000E-5
-1.137953E-4	1.000000E-5
-1.090317E-4	9.000000E-6
-9.789142E-5	8.000000E-6
-8.098870E-5	7.000000E-6
-1.091086E-4	6.000000E-6
-9.673891E-5	5.000000E-6
-9.550963E-5	4.000000E-6
-9.397299E-5	3.000000E-6
-9.443393E-5	2.000000E-6
-9.919750E-5	1.000000E-6
-9.658526E-5	0.000000E+0
-9.973521E-5	0.000000E+0
-1.016561E-4	-1.000000E-6
-9.796823E-5	-2.000000E-6
-1.092622E-4	-3.000000E-6
-1.071879E-4	-4.000000E-6
-9.581705E-5	-5.000000E-6
-9.789138E-5	-6.000000E-6
-1.054208E-4	-7.000000E-6
-1.068805E-4	-8.000000E-6
-9.020829E-5	-9.000000E-6
-9.381937E-5	-1.000000E-5
-8.605952E-5	-1.100000E-5
-1.118745E-4	-1.200000E-5
-9.474134E-5	-1.300000E-5
-1.019634E-4	-1.400000E-5
-1.008109E-4	-1.500000E-5
-1.046524E-4	-1.600000E-5
-8.575220E-5	-1.700000E-5
-9.166810E-5	-1.800000E-5
-1.048829E-4	-1.900000E-5
-1.015792E-4	-2.000000E-5
-1.142562E-4	-2.100000E-5
-1.058050E-4	-2.200000E-5
-1.120281E-4	-2.300000E-5
-9.766087E-5	-2.400000E-5
-1.110293E-4	-2.500000E-5
-9.358885E-5	-2.600000E-5
-1.061122E-4	-2.700000E-5
-1.071879E-4	-2.800000E-5
-1.101843E-4	-2.900000E-5
-9.020833E-5	-3.000000E-5
-1.011951E-4	-3.100000E-5
-1.094160E-4	-3.200000E-5
-1.077257E-4	-3.300000E-5
-9.681577E-5	-3.400000E-5
-1.073415E-4	-3.500000E-5
-1.075721E-4	-3.600000E-5
-1.115672E-4	-3.700000E-5
-1.081099E-4	-3.800000E-5
-1.092623E-4	-3.900000E-5
-1.120281E-4	-4.000000E-5
-9.919748E-5	-4.100000E-5
-1.100305E-4	-4.200000E-5
-1.069573E-4	-4.300000E-5
-1.187124E-4	-4.400000E-5
-1.170222E-4	-4.500000E-5
-1.134880E-4	-4.600000E-5
-1.041914E-4	-4.700000E-5
-1.003499E-4	-4.800000E-5
-1.141794E-4	-4.900000E-5
-1.077257E-4	-5.000000E-5
-1.089550E-4	-5.100000E-5
-1.005805E-4	-5.200000E-5
-9.881335E-5	-5.300000E-5
-1.148708E-4	-5.400000E-5
-1.368448E-4	-5.500000E-5
-1.917796E-4	-5.600000E-5
-2.409520E-4	-5.700000E-5
-2.743740E-4	-5.800000E-5
-3.134812E-4	-5.900000E-5
-3.125597E-4	-6.000000E-5
-3.344572E-4	-6.100000E-5
-3.379135E-4	-6.200000E-5
-3.360702E-4	-6.300000E-5
-3.531264E-4	-6.400000E-5
-3.506683E-4	-6.500000E-5
-3.690305E-4	-6.600000E-5
-3.641126E-4	-6.700000E-5
-3.654191E-4	-6.800000E-5
-3.720279E-4	-6.900000E-5
-3.783279E-4	-7.000000E-5
-3.756382E-4	-7.100000E-5
-3.804025E-4	-7.200000E-5
-3.860110E-4	-7.300000E-5
-3.923887E-4	-7.400000E-5
-4.018396E-4	-7.500000E-5
-4.002239E-4	-7.600000E-5
-4.099048E-4	-7.700000E-5
-4.062171E-4	-7.800000E-5
-4.157440E-4	-7.900000E-5
-4.133612E-4	-8.000000E-5
-4.148996E-4	-8.100000E-5
-4.248102E-4	-8.200000E-5
-4.202780E-4	-8.300000E-5
-4.442479E-4	-8.400000E-5
-4.304957E-4	-8.500000E-5
-4.410229E-4	-8.600000E-5
-4.473220E-4	-8.700000E-5
-4.577719E-4	-8.800000E-5
-4.545446E-4	-8.900000E-5
-4.613816E-4	-9.000000E-5
-4.591545E-4	-9.100000E-5
-4.666085E-4	-9.200000E-5
-4.716013E-4	-9.300000E-5
-4.699110E-4	-9.400000E-5
-4.739073E-4	-9.500000E-5
-4.925774E-4	-9.600000E-5
-4.838944E-4	-9.700000E-5
-4.886593E-4	-9.800000E-5
-5.048697E-4	-9.900000E-5
-4.930391E-4	-1.000000E-4
-4.981104E-4	-1.010000E-4
-5.113240E-4	-1.020000E-4
-5.088648E-4	-1.030000E-4
-5.148596E-4	-1.040000E-4
-5.243838E-4	-1.050000E-4
-5.281499E-4	-1.060000E-4
-5.406734E-4	-1.070000E-4
-5.431313E-4	-1.080000E-4
-5.390589E-4	-1.090000E-4
-5.505083E-4	-1.100000E-4
-5.542729E-4	-1.110000E-4
-5.595734E-4	-1.120000E-4
-5.638002E-4	-1.130000E-4
-5.662583E-4	-1.140000E-4
-5.766304E-4	-1.150000E-4
-5.773213E-4	-1.160000E-4
-5.772464E-4	-1.170000E-4
-5.834700E-4	-1.180000E-4
-5.823165E-4	-1.190000E-4
-5.881564E-4	-1.200000E-4
-5.983730E-4	-1.210000E-4
-5.992193E-4	-1.220000E-4
-6.066720E-4	-1.230000E-4
-6.059035E-4	-1.240000E-4
-6.137408E-4	-1.250000E-4
-6.205015E-4	-1.260000E-4
-6.192728E-4	-1.270000E-4
-6.215774E-4	-1.280000E-4
-6.362519E-4	-1.290000E-4
-6.274944E-4	-1.300000E-4
-6.325654E-4	-1.310000E-4
-6.397873E-4	-1.320000E-4
-6.481613E-4	-1.330000E-4
-6.505427E-4	-1.340000E-4
-6.518500E-4	-1.350000E-4
-6.601462E-4	-1.360000E-4
-6.606850E-4	-1.370000E-4
-6.725939E-4	-1.380000E-4
-6.788190E-4	-1.390000E-4
-6.722116E-4	-1.400000E-4
-6.811994E-4	-1.410000E-4
-6.824302E-4	-1.420000E-4
-6.938005E-4	-1.430000E-4
-6.887301E-4	-1.440000E-4
-6.959523E-4	-1.450000E-4
-7.044033E-4	-1.460000E-4
-7.042499E-4	-1.470000E-4
-7.119327E-4	-1.480000E-4
-7.153909E-4	-1.490000E-4
-7.197681E-4	-1.500000E-4
-7.251471E-4	-1.510000E-4
-7.261465E-4	-1.520000E-4
-7.331383E-4	-1.530000E-4
-7.407427E-4	-1.540000E-4
-7.405903E-4	-1.550000E-4
-7.447414E-4	-1.560000E-4
-7.505805E-4	-1.570000E-4
-7.580316E-4	-1.580000E-4
-7.598761E-4	-1.590000E-4
-7.689417E-4	-1.600000E-4
-7.668681E-4	-1.610000E-4
-7.754735E-4	-1.620000E-4
-7.785449E-4	-1.630000E-4
-7.747028E-4	-1.640000E-4
-7.790075E-4	-1.650000E-4
-7.885337E-4	-1.660000E-4
-7.844624E-4	-1.670000E-4
-8.002143E-4	-1.680000E-4
-8.056653E-4	-1.690000E-4
-8.137338E-4	-1.700000E-4
-8.129659E-4	-1.710000E-4
-8.146584E-4	-1.720000E-4
-8.234922E-4	-1.730000E-4
-8.236442E-4	-1.740000E-4
-8.267944E-4	-1.750000E-4
-8.338648E-4	-1.760000E-4
-8.342503E-4	-1.770000E-4
-8.332509E-4	-1.780000E-4
-8.511518E-4	-1.790000E-4
-8.513054E-4	-1.800000E-4
-8.549931E-4	-1.810000E-4
-8.585295E-4	-1.820000E-4
-8.649059E-4	-1.830000E-4
-8.626014E-4	-1.840000E-4
-8.732785E-4	-1.850000E-4
-8.834958E-4	-1.860000E-4
-8.765858E-4	-1.870000E-4
-8.920256E-4	-1.880000E-4
-8.891081E-4	-1.890000E-4
-8.914127E-4	-1.900000E-4
-8.899542E-4	-1.910000E-4
-8.994802E-4	-1.920000E-4
-9.062405E-4	-1.930000E-4
-9.200708E-4	-1.940000E-4
-9.131551E-4	-1.950000E-4
-9.234510E-4	-1.960000E-4
-9.264467E-4	-1.970000E-4
-9.258345E-4	-1.980000E-4
-9.319801E-4	-1.990000E-4
-9.338998E-4	-2.000000E-4
-9.431197E-4	-2.010000E-4
-9.505737E-4	-2.020000E-4
-9.554113E-4	-2.030000E-4
-9.560269E-4	-2.040000E-4
-9.617906E-4	-2.050000E-4
-9.612520E-4	-2.060000E-4
-9.649418E-4	-2.070000E-4
-9.648650E-4	-2.080000E-4
-9.720098E-4	-2.090000E-4
-9.811532E-4	-2.100000E-4
-9.832251E-4	-2.110000E-4
-9.939825E-4	-2.120000E-4
-9.985935E-4	-2.130000E-4
-1.000668E-3	-2.140000E-4
-1.002435E-3	-2.150000E-4
-1.013882E-3	-2.160000E-4
-1.013420E-3	-2.170000E-4
-1.021103E-3	-2.180000E-4
-1.020875E-3	-2.190000E-4
-1.024100E-3	-2.200000E-4
-1.035012E-3	-2.210000E-4
-1.036469E-3	-2.220000E-4
-1.044307E-3	-2.230000E-4
-1.045997E-3	-2.240000E-4
-1.050609E-3	-2.250000E-4
-1.052147E-3	-2.260000E-4
-1.054758E-3	-2.270000E-4
-1.058597E-3	-2.280000E-4
-1.060442E-3	-2.290000E-4
-1.067740E-3	-2.300000E-4
-1.076118E-3	-2.310000E-4
-1.077730E-3	-2.320000E-4
-1.087719E-3	-2.330000E-4
-1.087259E-3	-2.340000E-4
-1.090100E-3	-2.350000E-4
-1.091177E-3	-2.360000E-4
-1.108693E-3	-2.370000E-4
-1.110001E-3	-2.380000E-4
-1.110230E-3	-2.390000E-4
-1.122907E-3	-2.400000E-4
-1.127056E-3	-2.410000E-4
-1.124751E-3	-2.420000E-4
-1.123678E-3	-2.430000E-4
-1.132587E-3	-2.440000E-4
-1.135275E-3	-2.450000E-4
-1.139426E-3	-2.460000E-4
-1.146569E-3	-2.470000E-4
-1.147956E-3	-2.480000E-4
-1.160628E-3	-2.490000E-4
-1.166239E-3	-2.500000E-4
-1.167164E-3	-2.510000E-4
-1.169699E-3	-2.520000E-4
-1.167932E-3	-2.530000E-4
-1.174462E-3	-2.540000E-4
-1.180378E-3	-2.550000E-4
-1.180146E-3	-2.560000E-4
-1.197434E-3	-2.570000E-4
-1.195668E-3	-2.580000E-4
-1.200200E-3	-2.590000E-4
-1.200277E-3	-2.600000E-4
-1.212109E-3	-2.610000E-4
-1.217944E-3	-2.620000E-4
-1.222634E-3	-2.630000E-4
-1.237229E-3	-2.640000E-4
-1.230931E-3	-2.650000E-4
-1.241764E-3	-2.660000E-4
-1.241689E-3	-2.670000E-4
-1.243457E-3	-2.680000E-4
-1.252598E-3	-2.690000E-4
-1.257362E-3	-2.700000E-4
-1.252445E-3	-2.710000E-4
-1.256748E-3	-2.720000E-4
-1.247839E-3	-2.730000E-4
-1.263280E-3	-2.740000E-4
-1.274650E-3	-2.750000E-4
-1.276343E-3	-2.760000E-4
-1.285868E-3	-2.770000E-4
-1.281337E-3	-2.780000E-4
-1.286942E-3	-2.790000E-4
-1.292552E-3	-2.800000E-4
-1.295549E-3	-2.810000E-4
-1.299161E-3	-2.820000E-4
-1.307914E-3	-2.830000E-4
-1.308763E-3	-2.840000E-4
-1.312144E-3	-2.850000E-4
-1.315753E-3	-2.860000E-4
-1.320365E-3	-2.870000E-4
-1.324748E-3	-2.880000E-4
-1.327361E-3	-2.890000E-4
-1.330968E-3	-2.900000E-4
-1.340184E-3	-2.910000E-4
-1.343566E-3	-2.920000E-4
-1.345720E-3	-2.930000E-4
-1.353554E-3	-2.940000E-4
-1.354403E-3	-2.950000E-4
-1.361086E-3	-2.960000E-4
-1.366082E-3	-2.970000E-4
-1.369538E-3	-2.980000E-4
-1.374302E-3	-2.990000E-4
-1.378604E-3	-3.000000E-4
-1.384215E-3	-3.010000E-4
-1.387439E-3	-3.020000E-4
-1.396042E-3	-3.030000E-4
-1.401959E-3	-3.040000E-4
-1.406492E-3	-3.050000E-4
-1.405032E-3	-3.060000E-4
-1.413024E-3	-3.070000E-4
-1.414333E-3	-3.080000E-4
-1.414716E-3	-3.090000E-4
-1.432158E-3	-3.100000E-4
-1.431233E-3	-3.110000E-4
-1.435385E-3	-3.120000E-4
-1.436457E-3	-3.130000E-4
-1.446599E-3	-3.140000E-4
-1.452748E-3	-3.150000E-4
-1.449983E-3	-3.160000E-4
-1.458044E-3	-3.170000E-4
-1.460197E-3	-3.180000E-4
-1.468341E-3	-3.190000E-4
-1.458281E-3	-3.200000E-4
-1.466268E-3	-3.210000E-4
-1.472035E-3	-3.220000E-4
-1.476418E-3	-3.230000E-4
-1.488093E-3	-3.240000E-4
-1.496922E-3	-3.250000E-4
-1.498615E-3	-3.260000E-4
-1.502689E-3	-3.270000E-4
-1.502841E-3	-3.280000E-4
-1.513212E-3	-3.290000E-4
-1.516209E-3	-3.300000E-4
-1.519509E-3	-3.310000E-4
-1.520437E-3	-3.320000E-4
-1.526584E-3	-3.330000E-4
-1.532729E-3	-3.340000E-4
-1.535648E-3	-3.350000E-4
-1.539107E-3	-3.360000E-4
-1.548632E-3	-3.370000E-4
-1.550478E-3	-3.380000E-4
-1.557927E-3	-3.390000E-4
-1.552785E-3	-3.400000E-4
-1.563770E-3	-3.410000E-4
-1.569606E-3	-3.420000E-4
-1.570145E-3	-3.430000E-4
-1.570610E-3	-3.440000E-4
-1.586050E-3	-3.450000E-4
-1.589968E-3	-3.460000E-4
-1.594498E-3	-3.470000E-4
-1.596498E-3	-3.480000E-4
-1.606793E-3	-3.490000E-4
-1.606255E-3	-3.500000E-4
-1.609483E-3	-3.510000E-4
-1.620853E-3	-3.520000E-4
-1.620242E-3	-3.530000E-4
-1.618625E-3	-3.540000E-4
-1.625081E-3	-3.550000E-4
-1.632609E-3	-3.560000E-4
-1.646359E-3	-3.570000E-4
-1.646900E-3	-3.580000E-4
-1.645132E-3	-3.590000E-4
-1.652047E-3	-3.600000E-4
-1.662959E-3	-3.610000E-4
-1.662804E-3	-3.620000E-4
-1.664111E-3	-3.630000E-4
-1.665574E-3	-3.640000E-4
-1.675402E-3	-3.650000E-4
-1.682551E-3	-3.660000E-4
-1.679326E-3	-3.670000E-4
-1.692768E-3	-3.680000E-4
-1.689696E-3	-3.690000E-4
-1.688086E-3	-3.700000E-4
-1.697074E-3	-3.710000E-4
-1.702684E-3	-3.720000E-4
-1.711750E-3	-3.730000E-4
-1.710441E-3	-3.740000E-4
-1.712209E-3	-3.750000E-4
-1.715051E-3	-3.760000E-4
-1.724041E-3	-3.770000E-4
-1.724813E-3	-3.780000E-4
-1.737181E-3	-3.790000E-4
-1.744783E-3	-3.800000E-4
-1.748547E-3	-3.810000E-4
-1.747933E-3	-3.820000E-4
-1.755923E-3	-3.830000E-4
-1.757999E-3	-3.840000E-4
-1.764765E-3	-3.850000E-4
-1.765914E-3	-3.860000E-4
-1.773748E-3	-3.870000E-4
-1.781741E-3	-3.880000E-4
-1.781895E-3	-3.890000E-4
-1.790343E-3	-3.900000E-4
-1.793343E-3	-3.910000E-4
-1.796419E-3	-3.920000E-4
-1.798950E-3	-3.930000E-4
-1.803257E-3	-3.940000E-4
-1.805712E-3	-3.950000E-4
-1.827065E-3	-3.960000E-4
-1.815316E-3	-3.970000E-4
-1.826148E-3	-3.980000E-4
-1.831682E-3	-3.990000E-4
-1.842051E-3	-4.000000E-4
-1.835831E-3	-4.010000E-4
-1.844738E-3	-4.020000E-4
-1.843207E-3	-4.030000E-4
-1.849200E-3	-4.040000E-4
-1.851274E-3	-4.050000E-4
-1.856806E-3	-4.060000E-4
-1.859114E-3	-4.070000E-4
-1.864186E-3	-4.080000E-4
-1.868795E-3	-4.090000E-4
-1.886153E-3	-4.100000E-4
-1.875863E-3	-4.110000E-4
-1.883854E-3	-4.120000E-4
-1.884236E-3	-4.130000E-4
-1.898751E-3	-4.140000E-4
-1.900672E-3	-4.150000E-4
-1.895375E-3	-4.160000E-4
-1.904364E-3	-4.170000E-4
-1.905598E-3	-4.180000E-4
-1.914818E-3	-4.190000E-4
-1.918423E-3	-4.200000E-4
-1.927953E-3	-4.210000E-4
-1.934100E-3	-4.220000E-4
-1.937256E-3	-4.230000E-4
-1.941858E-3	-4.240000E-4
-1.945313E-3	-4.250000E-4
-1.945697E-3	-4.260000E-4
-1.957153E-3	-4.270000E-4
-1.956921E-3	-4.280000E-4
-1.959840E-3	-4.290000E-4
-1.968134E-3	-4.300000E-4
-1.969824E-3	-4.310000E-4
-1.981117E-3	-4.320000E-4
-1.980965E-3	-4.330000E-4
-1.989182E-3	-4.340000E-4
-1.991185E-3	-4.350000E-4
-1.994486E-3	-4.360000E-4
-1.998795E-3	-4.370000E-4
-2.004477E-3	-4.380000E-4
-2.006704E-3	-4.390000E-4
-2.015308E-3	-4.400000E-4
-2.015394E-3	-4.410000E-4
-2.015390E-3	-4.420000E-4
-2.018849E-3	-4.430000E-4
-2.027680E-3	-4.440000E-4
-2.036512E-3	-4.450000E-4
-2.044581E-3	-4.460000E-4
-2.052039E-3	-4.470000E-4
-2.050041E-3	-4.480000E-4
-2.047583E-3	-4.490000E-4
-2.051805E-3	-4.500000E-4
-2.057953E-3	-4.510000E-4
-2.063637E-3	-4.520000E-4
-2.068784E-3	-4.530000E-4
-2.068943E-3	-4.540000E-4
-2.071397E-3	-4.550000E-4
-2.078159E-3	-4.560000E-4
-2.085997E-3	-4.570000E-4
-2.088454E-3	-4.580000E-4
-2.095755E-3	-4.590000E-4
-2.102975E-3	-4.600000E-4
-2.103442E-3	-4.610000E-4
-2.108274E-3	-4.620000E-4
-2.112504E-3	-4.630000E-4
-2.118492E-3	-4.640000E-4
-2.121948E-3	-4.650000E-4
-2.126266E-3	-4.660000E-4
-2.135552E-3	-4.670000E-4
-2.131555E-3	-4.680000E-4
-2.139700E-3	-4.690000E-4
-2.145773E-3	-4.700000E-4
-2.150153E-3	-4.710000E-4
-2.160061E-3	-4.720000E-4
-2.155682E-3	-4.730000E-4
-2.163066E-3	-4.740000E-4
-2.165131E-3	-4.750000E-4
-2.164446E-3	-4.760000E-4
-2.174121E-3	-4.770000E-4
-2.178885E-3	-4.780000E-4
-2.185114E-3	-4.790000E-4
-2.196783E-3	-4.800000E-4
-2.201160E-3	-4.810000E-4
-2.191410E-3	-4.820000E-4
-2.200629E-3	-4.830000E-4
-2.204395E-3	-4.840000E-4
-2.212460E-3	-4.850000E-4
-2.213920E-3	-4.860000E-4
-2.215768E-3	-4.870000E-4
-2.221755E-3	-4.880000E-4
-2.225058E-3	-4.890000E-4
-2.237584E-3	-4.900000E-4
-2.240194E-3	-4.910000E-4
-2.245731E-3	-4.920000E-4
-2.241122E-3	-4.930000E-4
-2.248264E-3	-4.940000E-4
-2.256793E-3	-4.950000E-4
-2.256260E-3	-4.960000E-4
-2.261863E-3	-4.970000E-4
-2.265166E-3	-4.980000E-4
-2.264558E-3	-4.990000E-4
-2.272314E-3	-5.000000E-4
-2.281616E-3	-5.010000E-4
-2.286755E-3	-5.020000E-4
-2.288909E-3	-5.030000E-4
-2.289677E-3	-5.040000E-4
-2.285074E-3	-5.050000E-4
-2.298513E-3	-5.060000E-4
-2.300822E-3	-5.070000E-4
-2.308577E-3	-5.080000E-4
-2.308425E-3	-5.090000E-4
-2.310504E-3	-5.100000E-4
-2.321787E-3	-5.110000E-4
-2.321109E-3	-5.120000E-4
-2.318570E-3	-5.130000E-4
-2.328395E-3	-5.140000E-4
-2.333004E-3	-5.150000E-4
-2.338387E-3	-5.160000E-4
-2.350222E-3	-5.170000E-4
-2.344461E-3	-5.180000E-4
-2.345069E-3	-5.190000E-4
-2.348688E-3	-5.200000E-4
-2.352065E-3	-5.210000E-4
-2.354826E-3	-5.220000E-4
-2.360448E-3	-5.230000E-4
-2.368661E-3	-5.240000E-4
-2.374881E-3	-5.250000E-4
-2.376497E-3	-5.260000E-4
-2.376808E-3	-5.270000E-4
-2.381184E-3	-5.280000E-4
-2.385945E-3	-5.290000E-4
-2.389096E-3	-5.300000E-4
-2.396389E-3	-5.310000E-4
-2.399089E-3	-5.320000E-4
-2.419136E-3	-5.330000E-4
-2.417676E-3	-5.340000E-4
-2.411221E-3	-5.350000E-4
-2.405698E-3	-5.360000E-4
-2.408231E-3	-5.370000E-4
-2.410687E-3	-5.380000E-4
-2.416071E-3	-5.390000E-4
-2.428051E-3	-5.400000E-4
-2.427440E-3	-5.410000E-4
-2.434427E-3	-5.420000E-4
-2.437268E-3	-5.430000E-4
-2.426676E-3	-5.440000E-4
-2.443493E-3	-5.450000E-4
-2.445110E-3	-5.460000E-4
-2.446728E-3	-5.470000E-4
-2.453556E-3	-5.480000E-4
-2.453175E-3	-5.490000E-4
-2.443803E-3	-5.500000E-4
-2.446340E-3	-5.510000E-4
-2.453336E-3	-5.520000E-4
-2.473842E-3	-5.530000E-4
-2.470316E-3	-5.540000E-4
-2.455179E-3	-5.550000E-4
-2.460480E-3	-5.560000E-4
-2.458864E-3	-5.570000E-4
-2.454722E-3	-5.580000E-4
-2.457787E-3	-5.590000E-4
-2.458102E-3	-5.600000E-4
-2.467394E-3	-5.610000E-4
-2.478148E-3	-5.620000E-4
-2.472382E-3	-5.630000E-4
-2.469544E-3	-5.640000E-4
-2.461870E-3	-5.650000E-4
-2.468546E-3	-5.660000E-4
-2.467468E-3	-5.670000E-4
-2.469930E-3	-5.680000E-4
-2.479758E-3	-5.690000E-4
-2.482674E-3	-5.700000E-4
-2.475069E-3	-5.710000E-4
-2.481224E-3	-5.720000E-4
-2.482066E-3	-5.730000E-4
-2.488903E-3	-5.740000E-4
-2.492363E-3	-5.750000E-4
-2.486291E-3	-5.760000E-4
-2.490747E-3	-5.770000E-4
-2.494669E-3	-5.780000E-4
-2.497964E-3	-5.790000E-4
-2.504267E-3	-5.800000E-4
-2.510724E-3	-5.810000E-4
-2.501200E-3	-5.820000E-4
-2.501659E-3	-5.830000E-4
-2.510493E-3	-5.840000E-4
-2.507188E-3	-5.850000E-4
-2.505422E-3	-5.860000E-4
-2.507803E-3	-5.870000E-4
-2.502195E-3	-5.880000E-4
-2.498896E-3	-5.890000E-4
-2.509265E-3	-5.900000E-4
-2.526170E-3	-5.910000E-4
-2.532851E-3	-5.920000E-4
-2.520019E-3	-5.930000E-4
-2.517942E-3	-5.940000E-4
-2.514485E-3	-5.950000E-4
-2.508885E-3	-5.960000E-4
-2.513182E-3	-5.970000E-4
-2.532844E-3	-5.980000E-4
-2.518170E-3	-5.990000E-4
-2.504809E-3	-6.000000E-4
-2.516555E-3	-6.010000E-4
-2.504573E-3	-6.020000E-4
-2.510641E-3	-6.030000E-4
-2.508498E-3	-6.040000E-4
-2.513184E-3	-6.050000E-4
-2.512570E-3	-6.060000E-4
-2.517949E-3	-6.070000E-4
-2.529933E-3	-6.080000E-4
-2.527470E-3	-6.090000E-4
-2.516873E-3	-6.100000E-4
-2.517174E-3	-6.110000E-4
-2.532237E-3	-6.120000E-4
-2.524172E-3	-6.130000E-4
-2.513569E-3	-6.140000E-4
-2.508263E-3	-6.150000E-4
-2.515109E-3	-6.160000E-4
-2.507806E-3	-6.170000E-4
-2.526244E-3	-6.180000E-4
-2.530623E-3	-6.190000E-4
-2.537223E-3	-6.200000E-4
-2.532548E-3	-6.210000E-4
-2.513032E-3	-6.220000E-4
-2.518790E-3	-6.230000E-4
-2.514567E-3	-6.240000E-4
-2.514182E-3	-6.250000E-4
-2.526469E-3	-6.260000E-4
-2.529399E-3	-6.270000E-4
-2.540147E-3	-6.280000E-4
-2.530241E-3	-6.290000E-4
-2.542603E-3	-6.300000E-4
-2.534927E-3	-6.310000E-4
-2.534460E-3	-6.320000E-4
-2.533775E-3	-6.330000E-4
-2.528320E-3	-6.340000E-4
-2.533847E-3	-6.350000E-4
-2.542383E-3	-6.360000E-4
-2.548370E-3	-6.370000E-4
-2.545225E-3	-6.380000E-4
-2.545530E-3	-6.390000E-4
-2.542458E-3	-6.400000E-4
-2.539920E-3	-6.410000E-4
-2.539309E-3	-6.420000E-4
-2.538920E-3	-6.430000E-4
-2.523559E-3	-6.440000E-4
-2.545450E-3	-6.450000E-4
-2.544372E-3	-6.460000E-4
-2.544603E-3	-6.470000E-4
-2.560513E-3	-6.480000E-4
-2.550369E-3	-6.490000E-4
-2.543303E-3	-6.500000E-4
-2.547374E-3	-6.510000E-4
-2.549062E-3	-6.520000E-4
-2.552133E-3	-6.530000E-4
-2.542844E-3	-6.540000E-4
-2.550293E-3	-6.550000E-4
-2.549528E-3	-6.560000E-4
-2.555672E-3	-6.570000E-4
-2.557518E-3	-6.580000E-4
-2.561431E-3	-6.590000E-4
-2.555052E-3	-6.600000E-4
-2.553599E-3	-6.610000E-4
-2.556131E-3	-6.620000E-4
-2.554440E-3	-6.630000E-4
-2.556597E-3	-6.640000E-4
-2.554673E-3	-6.650000E-4
-2.578568E-3	-6.660000E-4
-2.589857E-3	-6.670000E-4
-2.580795E-3	-6.680000E-4
-2.569120E-3	-6.690000E-4
-2.558285E-3	-6.700000E-4
-2.561743E-3	-6.710000E-4
-2.566662E-3	-6.720000E-4
-2.567888E-3	-6.730000E-4
-2.571041E-3	-6.740000E-4
-2.570810E-3	-6.750000E-4
-2.584707E-3	-6.760000E-4
-2.583713E-3	-6.770000E-4
-2.583868E-3	-6.780000E-4
-2.579561E-3	-6.790000E-4
-2.581636E-3	-6.800000E-4
-2.585710E-3	-6.810000E-4
-2.584865E-3	-6.820000E-4
-2.601148E-3	-6.830000E-4
-2.592315E-3	-6.840000E-4
-2.588782E-3	-6.850000E-4
-2.589632E-3	-6.860000E-4
-2.594391E-3	-6.870000E-4
-2.590861E-3	-6.880000E-4
-2.593857E-3	-6.890000E-4
-2.594082E-3	-6.900000E-4
-2.597931E-3	-6.910000E-4
-2.598625E-3	-6.920000E-4
-2.596701E-3	-6.930000E-4
-2.600928E-3	-6.940000E-4
-2.611365E-3	-6.950000E-4
-2.598082E-3	-6.960000E-4
-2.615064E-3	-6.970000E-4
-2.612831E-3	-6.980000E-4
-2.607605E-3	-6.990000E-4
-2.618826E-3	-7.000000E-4
-2.619669E-3	-7.010000E-4
-2.632576E-3	-7.020000E-4
-2.631655E-3	-7.030000E-4
-2.622673E-3	-7.040000E-4
-2.632422E-3	-7.050000E-4
-2.642028E-3	-7.060000E-4
-2.639416E-3	-7.070000E-4
-2.642488E-3	-7.080000E-4
-2.654166E-3	-7.090000E-4
-2.649784E-3	-7.100000E-4
-2.652553E-3	-7.110000E-4
-2.654789E-3	-7.120000E-4
-2.658937E-3	-7.130000E-4
-2.657709E-3	-7.140000E-4
-2.665088E-3	-7.150000E-4
-2.665621E-3	-7.160000E-4
-2.670459E-3	-7.170000E-4
-2.670388E-3	-7.180000E-4
-2.679980E-3	-7.190000E-4
-2.680517E-3	-7.200000E-4
-2.684977E-3	-7.210000E-4
-2.690273E-3	-7.220000E-4
-2.693280E-3	-7.230000E-4
-2.700728E-3	-7.240000E-4
-2.697274E-3	-7.250000E-4
-2.705717E-3	-7.260000E-4
-2.708950E-3	-7.270000E-4
-2.710562E-3	-7.280000E-4
-2.709721E-3	-7.290000E-4
-2.717637E-3	-7.300000E-4
-2.721320E-3	-7.310000E-4
-2.728998E-3	-7.320000E-4
-2.735300E-3	-7.330000E-4
-2.732922E-3	-7.340000E-4
-2.736230E-3	-7.350000E-4
-2.742905E-3	-7.360000E-4
-2.740834E-3	-7.370000E-4
-2.748287E-3	-7.380000E-4
-2.750051E-3	-7.390000E-4
-2.754279E-3	-7.400000E-4
-2.757126E-3	-7.410000E-4
-2.758046E-3	-7.420000E-4
-2.763887E-3	-7.430000E-4
-2.772335E-3	-7.440000E-4
-2.781163E-3	-7.450000E-4
-2.779324E-3	-7.460000E-4
-2.786775E-3	-7.470000E-4
-2.788624E-3	-7.480000E-4
-2.792922E-3	-7.490000E-4
-2.788857E-3	-7.500000E-4
-2.802682E-3	-7.510000E-4
-2.797766E-3	-7.520000E-4
-2.800993E-3	-7.530000E-4
-2.815505E-3	-7.540000E-4
-2.803147E-3	-7.550000E-4
-2.813522E-3	-7.560000E-4
-2.815742E-3	-7.570000E-4
-2.817978E-3	-7.580000E-4
-2.828421E-3	-7.590000E-4
-2.827651E-3	-7.600000E-4
-2.836876E-3	-7.610000E-4
-2.835947E-3	-7.620000E-4
-2.840410E-3	-7.630000E-4
-2.842865E-3	-7.640000E-4
-2.846789E-3	-7.650000E-4
-2.853775E-3	-7.660000E-4
-2.852550E-3	-7.670000E-4
-2.853858E-3	-7.680000E-4
-2.854777E-3	-7.690000E-4
-2.865608E-3	-7.700000E-4
-2.863691E-3	-7.710000E-4
-2.861238E-3	-7.720000E-4
-2.871146E-3	-7.730000E-4
-2.876143E-3	-7.740000E-4
-2.879672E-3	-7.750000E-4
-2.882515E-3	-7.760000E-4
-2.885658E-3	-7.770000E-4
-2.889659E-3	-7.780000E-4
-2.895572E-3	-7.790000E-4
-2.899184E-3	-7.800000E-4
-2.900719E-3	-7.810000E-4
-2.905785E-3	-7.820000E-4
-2.905409E-3	-7.830000E-4
-2.907175E-3	-7.840000E-4
-2.918242E-3	-7.850000E-4
-2.920690E-3	-7.860000E-4
-2.920699E-3	-7.870000E-4
-2.928077E-3	-7.880000E-4
-2.933683E-3	-7.890000E-4
-2.937294E-3	-7.900000E-4
-2.939135E-3	-7.910000E-4
-2.934761E-3	-7.920000E-4
-2.940376E-3	-7.930000E-4
-2.940064E-3	-7.940000E-4
-2.952505E-3	-7.950000E-4
-2.950661E-3	-7.960000E-4
-2.951361E-3	-7.970000E-4
-2.953429E-3	-7.980000E-4
-2.964417E-3	-7.990000E-4
-2.966796E-3	-8.000000E-4
-2.973483E-3	-8.010000E-4
-2.972256E-3	-8.020000E-4
-2.979241E-3	-8.030000E-4
-2.978859E-3	-8.040000E-4
-2.993145E-3	-8.050000E-4
-2.988231E-3	-8.060000E-4
-2.993381E-3	-8.070000E-4
-2.996067E-3	-8.080000E-4
-3.004746E-3	-8.090000E-4
-3.001215E-3	-8.100000E-4
-3.004681E-3	-8.110000E-4
-3.005903E-3	-8.120000E-4
-3.008827E-3	-8.130000E-4
-3.013582E-3	-8.140000E-4
-3.014897E-3	-8.150000E-4
-3.017435E-3	-8.160000E-4
-3.023350E-3	-8.170000E-4
-3.025347E-3	-8.180000E-4
-3.025045E-3	-8.190000E-4
-3.029494E-3	-8.200000E-4
-3.038707E-3	-8.210000E-4
-3.040170E-3	-8.220000E-4
-3.042867E-3	-8.230000E-4
-3.042791E-3	-8.240000E-4
-3.060680E-3	-8.250000E-4
-3.052309E-3	-8.260000E-4
-3.058081E-3	-8.270000E-4
-3.054011E-3	-8.280000E-4
-3.063146E-3	-8.290000E-4
-3.071363E-3	-8.300000E-4
-3.068768E-3	-8.310000E-4
-3.070756E-3	-8.320000E-4
-3.079815E-3	-8.330000E-4
-3.087883E-3	-8.340000E-4
-3.086500E-3	-8.350000E-4
-3.089112E-3	-8.360000E-4
-3.089429E-3	-8.370000E-4
-3.095030E-3	-8.380000E-4
-3.097252E-3	-8.390000E-4
-3.107096E-3	-8.400000E-4
-3.103096E-3	-8.410000E-4
-3.112250E-3	-8.420000E-4
-3.110707E-3	-8.430000E-4
-3.118001E-3	-8.440000E-4
-3.119376E-3	-8.450000E-4
-3.120237E-3	-8.460000E-4
-3.130839E-3	-8.470000E-4
-3.131071E-3	-8.480000E-4
-3.138745E-3	-8.490000E-4
-3.133910E-3	-8.500000E-4
-3.137440E-3	-8.510000E-4
-3.145900E-3	-8.520000E-4
-3.147971E-3	-8.530000E-4
-3.147888E-3	-8.540000E-4
-3.153881E-3	-8.550000E-4
-3.159805E-3	-8.560000E-4
-3.162101E-3	-8.570000E-4
-3.161411E-3	-8.580000E-4
-3.165095E-3	-8.590000E-4
-3.173085E-3	-8.600000E-4
-3.177394E-3	-8.610000E-4
-3.182463E-3	-8.620000E-4
-3.180084E-3	-8.630000E-4
-3.184614E-3	-8.640000E-4
-3.193446E-3	-8.650000E-4
-3.197059E-3	-8.660000E-4
-3.197905E-3	-8.670000E-4
-3.192306E-3	-8.680000E-4
-3.202134E-3	-8.690000E-4
-3.201293E-3	-8.700000E-4
-3.208435E-3	-8.710000E-4
-3.211968E-3	-8.720000E-4
-3.215735E-3	-8.730000E-4
-3.219879E-3	-8.740000E-4
-3.223493E-3	-8.750000E-4
-3.231253E-3	-8.760000E-4
-3.226951E-3	-8.770000E-4
-3.240773E-3	-8.780000E-4
-3.232795E-3	-8.790000E-4
-3.240089E-3	-8.800000E-4
-3.237411E-3	-8.810000E-4
-3.238175E-3	-8.820000E-4
-3.238787E-3	-8.830000E-4
-3.252770E-3	-8.840000E-4
-3.254688E-3	-8.850000E-4
-3.259450E-3	-8.860000E-4
-3.257156E-3	-8.870000E-4
-3.267674E-3	-8.880000E-4
-3.269827E-3	-8.890000E-4
-3.281192E-3	-8.900000E-4
-3.278582E-3	-8.910000E-4
-3.286117E-3	-8.920000E-4
-3.284186E-3	-8.930000E-4
-3.288338E-3	-8.940000E-4
-3.293019E-3	-8.950000E-4
-3.294335E-3	-8.960000E-4
-3.292635E-3	-8.970000E-4
-3.304629E-3	-8.980000E-4
-3.305236E-3	-8.990000E-4
-3.307016E-3	-9.000000E-4
-3.315449E-3	-9.010000E-4
-3.311695E-3	-9.020000E-4
-3.316619E-3	-9.030000E-4
-3.325450E-3	-9.040000E-4
-3.327373E-3	-9.050000E-4
-3.326760E-3	-9.060000E-4
-3.336742E-3	-9.070000E-4
-3.332520E-3	-9.080000E-4
-3.338210E-3	-9.090000E-4
-3.343808E-3	-9.100000E-4
-3.343049E-3	-9.110000E-4
-3.347591E-3	-9.120000E-4
-3.351878E-3	-9.130000E-4
-3.355330E-3	-9.140000E-4
-3.355804E-3	-9.150000E-4
-3.363406E-3	-9.160000E-4
-3.375240E-3	-9.170000E-4
-3.368086E-3	-9.180000E-4
-3.377077E-3	-9.190000E-4
-3.373712E-3	-9.200000E-4
-3.374470E-3	-9.210000E-4
-3.382143E-3	-9.220000E-4
-3.391602E-3	-9.230000E-4
-3.391524E-3	-9.240000E-4
-3.389376E-3	-9.250000E-4
-3.399976E-3	-9.260000E-4
-3.399665E-3	-9.270000E-4
-3.399596E-3	-9.280000E-4
-3.410957E-3	-9.290000E-4
-3.407514E-3	-9.300000E-4
-3.412738E-3	-9.310000E-4
-3.412734E-3	-9.320000E-4
-3.414504E-3	-9.330000E-4
-3.422946E-3	-9.340000E-4
-3.426024E-3	-9.350000E-4
-3.428335E-3	-9.360000E-4
-3.429174E-3	-9.370000E-4
-3.438235E-3	-9.380000E-4
-3.435710E-3	-9.390000E-4
-3.448536E-3	-9.400000E-4
-3.448467E-3	-9.410000E-4
-3.449995E-3	-9.420000E-4
-3.455070E-3	-9.430000E-4
-3.453839E-3	-9.440000E-4
-3.461759E-3	-9.450000E-4
-3.461835E-3	-9.460000E-4
-3.466823E-3	-9.470000E-4
-3.466901E-3	-9.480000E-4
-3.472520E-3	-9.490000E-4
-3.478969E-3	-9.500000E-4
-3.483720E-3	-9.510000E-4
-3.487182E-3	-9.520000E-4
-3.486485E-3	-9.530000E-4
-3.495858E-3	-9.540000E-4
-3.491096E-3	-9.550000E-4
-3.498943E-3	-9.560000E-4
-3.501548E-3	-9.570000E-4
-3.505778E-3	-9.580000E-4
-3.505935E-3	-9.590000E-4
-3.515915E-3	-9.600000E-4
-3.520454E-3	-9.610000E-4
-3.523286E-3	-9.620000E-4
-3.527821E-3	-9.630000E-4
-3.525594E-3	-9.640000E-4
-3.531287E-3	-9.650000E-4
-3.532359E-3	-9.660000E-4
-3.538656E-3	-9.670000E-4
-3.535355E-3	-9.680000E-4
-3.532903E-3	-9.690000E-4
-3.546581E-3	-9.700000E-4
-3.548502E-3	-9.710000E-4
-3.549867E-3	-9.720000E-4
-3.552722E-3	-9.730000E-4
-3.562623E-3	-9.740000E-4
-3.563778E-3	-9.750000E-4
-3.566005E-3	-9.760000E-4
-3.572076E-3	-9.770000E-4
-3.574006E-3	-9.780000E-4
-3.572772E-3	-9.790000E-4
-3.583605E-3	-9.800000E-4
-3.599725E-3	-9.810000E-4
-3.588990E-3	-9.820000E-4
-3.590216E-3	-9.830000E-4
-3.596204E-3	-9.840000E-4
-3.606419E-3	-9.850000E-4
-3.602427E-3	-9.860001E-4
-3.609724E-3	-9.869999E-4
-3.604202E-3	-9.880000E-4
-3.611495E-3	-9.890000E-4
-3.609499E-3	-9.900000E-4
-3.632689E-3	-9.910000E-4
-3.620106E-3	-9.920000E-4
-3.623867E-3	-9.930000E-4
-3.621340E-3	-9.940000E-4
-3.627711E-3	-9.950000E-4
-3.623341E-3	-9.960000E-4
-3.638002E-3	-9.970000E-4
-3.641000E-3	-9.980000E-4
-3.642391E-3	-9.990000E-4
-3.647368E-3	-1.000000E-3
