Meas. Voltage (V)	Meas. Current (A)	6/1/2026 3:00:54 PM
3.463242E-3	1.000000E-3
3.454773E-3	9.990000E-4
3.448016E-3	9.980000E-4
3.445565E-3	9.970000E-4
3.444185E-3	9.960000E-4
3.436809E-3	9.950000E-4
3.437730E-3	9.940000E-4
3.440490E-3	9.930000E-4
3.429965E-3	9.920000E-4
3.424886E-3	9.910000E-4
3.429050E-3	9.900000E-4
3.425600E-3	9.890000E-4
3.416592E-3	9.880000E-4
3.414832E-3	9.869999E-4
3.413528E-3	9.860001E-4
3.409076E-3	9.850000E-4
3.402546E-3	9.840000E-4
3.399158E-3	9.830000E-4
3.397163E-3	9.820000E-4
3.392791E-3	9.810000E-4
3.393787E-3	9.800000E-4
3.391480E-3	9.790000E-4
3.384480E-3	9.780000E-4
3.384340E-3	9.770000E-4
3.378181E-3	9.760000E-4
3.379575E-3	9.750000E-4
3.372663E-3	9.740000E-4
3.365587E-3	9.730000E-4
3.362121E-3	9.720000E-4
3.361980E-3	9.710000E-4
3.357213E-3	9.700000E-4
3.352141E-3	9.690000E-4
3.351214E-3	9.680000E-4
3.347764E-3	9.670000E-4
3.343767E-3	9.660000E-4
3.342074E-3	9.650000E-4
3.340462E-3	9.640000E-4
3.331701E-3	9.630000E-4
3.328934E-3	9.620000E-4
3.326867E-3	9.610000E-4
3.320490E-3	9.600000E-4
3.311025E-3	9.590000E-4
3.313960E-3	9.580000E-4
3.311258E-3	9.570000E-4
3.307576E-3	9.560000E-4
3.312655E-3	9.550000E-4
3.306583E-3	9.540000E-4
3.299431E-3	9.530000E-4
3.290979E-3	9.520000E-4
3.290293E-3	9.510000E-4
3.286825E-3	9.500000E-4
3.285830E-3	9.490000E-4
3.285760E-3	9.480000E-4
3.278146E-3	9.470000E-4
3.266389E-3	9.460000E-4
3.272238E-3	9.450000E-4
3.269937E-3	9.440000E-4
3.262559E-3	9.430000E-4
3.257097E-3	9.420000E-4
3.258491E-3	9.410000E-4
3.259419E-3	9.400000E-4
3.253261E-3	9.390000E-4
3.244579E-3	9.380000E-4
3.248736E-3	9.370000E-4
3.244349E-3	9.360000E-4
3.240974E-3	9.350000E-4
3.232518E-3	9.340000E-4
3.230592E-3	9.330000E-4
3.231294E-3	9.320000E-4
3.229834E-3	9.310000E-4
3.221764E-3	9.300000E-4
3.213305E-3	9.290000E-4
3.213686E-3	9.280000E-4
3.209314E-3	9.270000E-4
3.206858E-3	9.260000E-4
3.199478E-3	9.250000E-4
3.195489E-3	9.240000E-4
3.198710E-3	9.230000E-4
3.186726E-3	9.220000E-4
3.190729E-3	9.210000E-4
3.187495E-3	9.200000E-4
3.184655E-3	9.190000E-4
3.180351E-3	9.180000E-4
3.177814E-3	9.170000E-4
3.173357E-3	9.160000E-4
3.169057E-3	9.150000E-4
3.163454E-3	9.140000E-4
3.165290E-3	9.130000E-4
3.159677E-3	9.120000E-4
3.157837E-3	9.110000E-4
3.157451E-3	9.100000E-4
3.153542E-3	9.090000E-4
3.141853E-3	9.080000E-4
3.142315E-3	9.070000E-4
3.142243E-3	9.060000E-4
3.136635E-3	9.050000E-4
3.132017E-3	9.040000E-4
3.130556E-3	9.030000E-4
3.129171E-3	9.020000E-4
3.119573E-3	9.010000E-4
3.113810E-3	9.000000E-4
3.108892E-3	8.990000E-4
3.113281E-3	8.980000E-4
3.109436E-3	8.970000E-4
3.095992E-3	8.960000E-4
3.104217E-3	8.950000E-4
3.096907E-3	8.940000E-4
3.094600E-3	8.930000E-4
3.094454E-3	8.920000E-4
3.087307E-3	8.910000E-4
3.080392E-3	8.900000E-4
3.069241E-3	8.890000E-4
3.074629E-3	8.880000E-4
3.066943E-3	8.870000E-4
3.064802E-3	8.860000E-4
3.064873E-3	8.850000E-4
3.065954E-3	8.840000E-4
3.059804E-3	8.830000E-4
3.056965E-3	8.820000E-4
3.056119E-3	8.810000E-4
3.044285E-3	8.800000E-4
3.050044E-3	8.790000E-4
3.039371E-3	8.780000E-4
3.037595E-3	8.770000E-4
3.033681E-3	8.760000E-4
3.035994E-3	8.750000E-4
3.027457E-3	8.740000E-4
3.023922E-3	8.730000E-4
3.022615E-3	8.720000E-4
3.019401E-3	8.710000E-4
3.016241E-3	8.700000E-4
3.014629E-3	8.690000E-4
3.010328E-3	8.680000E-4
3.009101E-3	8.670000E-4
3.001339E-3	8.660000E-4
3.005568E-3	8.650000E-4
2.992887E-3	8.640000E-4
2.995275E-3	8.630000E-4
2.992046E-3	8.620000E-4
2.987593E-3	8.610000E-4
2.984668E-3	8.600000E-4
2.984905E-3	8.590000E-4
2.974680E-3	8.580000E-4
2.970526E-3	8.570000E-4
2.965834E-3	8.560000E-4
2.963459E-3	8.550000E-4
2.962537E-3	8.540000E-4
2.955544E-3	8.530000E-4
2.955846E-3	8.520000E-4
2.954236E-3	8.510000E-4
2.947476E-3	8.500000E-4
2.941177E-3	8.490000E-4
2.938484E-3	8.480000E-4
2.936951E-3	8.470000E-4
2.933800E-3	8.460000E-4
2.922656E-3	8.450000E-4
2.926427E-3	8.440000E-4
2.924814E-3	8.430000E-4
2.919744E-3	8.420000E-4
2.911444E-3	8.410000E-4
2.911370E-3	8.400000E-4
2.911753E-3	8.390000E-4
2.910441E-3	8.380000E-4
2.904997E-3	8.370000E-4
2.901994E-3	8.360000E-4
2.888779E-3	8.350000E-4
2.898693E-3	8.340000E-4
2.889542E-3	8.330000E-4
2.887556E-3	8.320000E-4
2.881865E-3	8.310000E-4
2.882401E-3	8.300000E-4
2.872957E-3	8.290000E-4
2.865109E-3	8.280000E-4
2.864118E-3	8.270000E-4
2.868501E-3	8.260000E-4
2.868811E-3	8.250000E-4
2.858282E-3	8.240000E-4
2.862817E-3	8.230000E-4
2.845760E-3	8.220000E-4
2.845457E-3	8.210000E-4
2.838686E-3	8.200000E-4
2.843530E-3	8.190000E-4
2.841380E-3	8.180000E-4
2.838768E-3	8.170000E-4
2.833084E-3	8.160000E-4
2.830618E-3	8.150000E-4
2.823325E-3	8.140000E-4
2.822015E-3	8.130000E-4
2.813254E-3	8.120000E-4
2.813489E-3	8.110000E-4
2.803967E-3	8.100000E-4
2.808033E-3	8.090000E-4
2.797424E-3	8.080000E-4
2.800729E-3	8.070000E-4
2.797659E-3	8.060000E-4
2.793127E-3	8.050000E-4
2.788441E-3	8.040000E-4
2.784982E-3	8.030000E-4
2.780754E-3	8.020000E-4
2.781753E-3	8.010000E-4
2.770919E-3	8.000000E-4
2.778223E-3	7.990000E-4
2.762928E-3	7.980000E-4
2.764007E-3	7.970000E-4
2.759858E-3	7.960000E-4
2.762475E-3	7.950000E-4
2.757479E-3	7.940000E-4
2.747868E-3	7.930000E-4
2.751485E-3	7.920000E-4
2.748562E-3	7.910000E-4
2.735736E-3	7.900000E-4
2.741497E-3	7.890000E-4
2.729585E-3	7.880000E-4
2.725741E-3	7.870000E-4
2.727207E-3	7.860000E-4
2.721906E-3	7.850000E-4
2.717983E-3	7.840000E-4
2.721068E-3	7.830000E-4
2.717680E-3	7.820000E-4
2.698850E-3	7.810000E-4
2.702782E-3	7.800000E-4
2.707156E-3	7.790000E-4
2.692939E-3	7.780000E-4
2.686176E-3	7.770000E-4
2.691022E-3	7.760000E-4
2.681646E-3	7.750000E-4
2.678880E-3	7.740000E-4
2.690722E-3	7.730000E-4
2.682573E-3	7.720000E-4
2.674962E-3	7.710000E-4
2.672735E-3	7.700000E-4
2.670590E-3	7.690000E-4
2.667286E-3	7.680000E-4
2.662593E-3	7.670000E-4
2.662513E-3	7.660000E-4
2.661064E-3	7.650000E-4
2.651684E-3	7.640000E-4
2.644844E-3	7.630000E-4
2.652996E-3	7.620000E-4
2.643008E-3	7.610000E-4
2.640470E-3	7.600000E-4
2.637090E-3	7.590000E-4
2.630628E-3	7.580000E-4
2.631332E-3	7.570000E-4
2.619490E-3	7.560000E-4
2.624259E-3	7.550000E-4
2.617804E-3	7.540000E-4
2.615345E-3	7.530000E-4
2.610736E-3	7.520000E-4
2.612045E-3	7.510000E-4
2.602359E-3	7.500000E-4
2.604589E-3	7.490000E-4
2.599745E-3	7.480000E-4
2.595679E-3	7.470000E-4
2.592376E-3	7.460000E-4
2.586764E-3	7.450000E-4
2.584533E-3	7.440000E-4
2.578314E-3	7.430000E-4
2.574778E-3	7.420000E-4
2.572778E-3	7.410000E-4
2.563789E-3	7.400000E-4
2.566016E-3	7.390000E-4
2.567713E-3	7.380000E-4
2.556569E-3	7.370000E-4
2.560488E-3	7.360000E-4
2.552120E-3	7.350000E-4
2.546581E-3	7.340000E-4
2.541283E-3	7.330000E-4
2.544124E-3	7.320000E-4
2.541280E-3	7.310000E-4
2.531364E-3	7.300000E-4
2.527756E-3	7.290000E-4
2.522986E-3	7.280000E-4
2.531987E-3	7.270000E-4
2.515851E-3	7.260000E-4
2.513930E-3	7.250000E-4
2.509858E-3	7.240000E-4
2.503780E-3	7.230000E-4
2.504325E-3	7.220000E-4
2.499328E-3	7.210000E-4
2.503251E-3	7.200000E-4
2.501257E-3	7.190000E-4
2.496643E-3	7.180000E-4
2.485043E-3	7.170000E-4
2.487574E-3	7.160000E-4
2.491195E-3	7.150000E-4
2.477048E-3	7.140000E-4
2.479050E-3	7.130000E-4
2.466906E-3	7.120000E-4
2.474986E-3	7.110000E-4
2.467686E-3	7.100000E-4
2.465758E-3	7.090000E-4
2.459611E-3	7.080000E-4
2.453772E-3	7.070000E-4
2.454928E-3	7.060000E-4
2.452389E-3	7.050000E-4
2.450854E-3	7.040000E-4
2.441488E-3	7.030000E-4
2.436637E-3	7.020000E-4
2.437027E-3	7.010000E-4
2.431801E-3	7.000000E-4
2.427264E-3	6.990000E-4
2.421508E-3	6.980000E-4
2.419968E-3	6.970000E-4
2.416507E-3	6.960000E-4
2.412207E-3	6.950000E-4
2.409367E-3	6.940000E-4
2.407683E-3	6.930000E-4
2.399760E-3	6.920000E-4
2.393839E-3	6.910000E-4
2.398537E-3	6.900000E-4
2.390538E-3	6.890000E-4
2.383472E-3	6.880000E-4
2.381472E-3	6.870000E-4
2.383627E-3	6.860000E-4
2.374797E-3	6.850000E-4
2.375178E-3	6.840000E-4
2.372485E-3	6.830000E-4
2.371879E-3	6.820000E-4
2.366575E-3	6.810000E-4
2.364113E-3	6.800000E-4
2.360118E-3	6.790000E-4
2.352510E-3	6.780000E-4
2.350282E-3	6.770000E-4
2.349129E-3	6.760000E-4
2.340142E-3	6.750000E-4
2.333224E-3	6.740000E-4
2.331154E-3	6.730000E-4
2.330385E-3	6.720000E-4
2.328847E-3	6.710000E-4
2.324702E-3	6.700000E-4
2.318094E-3	6.690000E-4
2.316321E-3	6.680000E-4
2.323702E-3	6.670000E-4
2.308027E-3	6.660000E-4
2.302028E-3	6.650000E-4
2.303651E-3	6.640000E-4
2.301187E-3	6.630000E-4
2.300887E-3	6.620000E-4
2.286280E-3	6.610000E-4
2.289278E-3	6.600000E-4
2.285210E-3	6.590000E-4
2.281751E-3	6.580000E-4
2.280752E-3	6.570000E-4
2.282365E-3	6.560000E-4
2.273533E-3	6.550000E-4
2.273456E-3	6.540000E-4
2.280067E-3	6.530000E-4
2.268151E-3	6.520000E-4
2.260240E-3	6.510000E-4
2.257245E-3	6.500000E-4
2.263470E-3	6.490000E-4
2.249335E-3	6.480000E-4
2.257555E-3	6.470000E-4
2.254400E-3	6.460000E-4
2.244723E-3	6.450000E-4
2.238346E-3	6.440000E-4
2.233427E-3	6.430000E-4
2.232196E-3	6.420000E-4
2.227122E-3	6.410000E-4
2.230892E-3	6.400000E-4
2.228586E-3	6.390000E-4
2.225898E-3	6.380000E-4
2.214762E-3	6.370000E-4
2.218213E-3	6.360000E-4
2.215901E-3	6.350000E-4
2.218142E-3	6.340000E-4
2.212067E-3	6.330000E-4
2.214298E-3	6.320000E-4
2.210384E-3	6.310000E-4
2.209995E-3	6.300000E-4
2.218671E-3	6.290000E-4
2.219755E-3	6.280000E-4
2.217681E-3	6.270000E-4
2.193779E-3	6.260000E-4
2.185478E-3	6.250000E-4
2.190477E-3	6.240000E-4
2.197545E-3	6.230000E-4
2.198546E-3	6.220000E-4
2.178567E-3	6.210000E-4
2.184250E-3	6.200000E-4
2.192477E-3	6.190000E-4
2.188634E-3	6.180000E-4
2.188249E-3	6.170000E-4
2.185943E-3	6.160000E-4
2.172722E-3	6.150000E-4
2.182639E-3	6.140000E-4
2.176647E-3	6.130000E-4
2.168891E-3	6.120000E-4
2.163895E-3	6.110000E-4
2.163050E-3	6.100000E-4
2.170506E-3	6.090000E-4
2.170126E-3	6.080000E-4
2.151295E-3	6.070000E-4
2.150750E-3	6.060000E-4
2.152141E-3	6.050000E-4
2.158437E-3	6.040000E-4
2.158749E-3	6.030000E-4
2.169882E-3	6.020000E-4
2.180341E-3	6.010000E-4
2.163890E-3	6.000000E-4
2.155288E-3	5.990000E-4
2.154137E-3	5.980000E-4
2.144916E-3	5.970000E-4
2.143071E-3	5.960000E-4
2.142075E-3	5.950000E-4
2.166818E-3	5.940000E-4
2.147834E-3	5.930000E-4
2.141923E-3	5.920000E-4
2.122554E-3	5.910000E-4
2.134625E-3	5.900000E-4
2.132774E-3	5.890000E-4
2.138081E-3	5.880000E-4
2.124634E-3	5.870000E-4
2.117177E-3	5.860000E-4
2.132160E-3	5.850000E-4
2.143687E-3	5.840000E-4
2.147374E-3	5.830000E-4
2.161978E-3	5.820000E-4
2.145915E-3	5.810000E-4
2.140223E-3	5.800000E-4
2.119560E-3	5.790000E-4
2.114033E-3	5.780000E-4
2.135779E-3	5.770000E-4
2.132161E-3	5.760000E-4
2.126477E-3	5.750000E-4
2.132937E-3	5.740000E-4
2.134702E-3	5.730000E-4
2.144303E-3	5.720000E-4
2.142537E-3	5.710000E-4
2.135695E-3	5.700000E-4
2.135002E-3	5.690000E-4
2.138073E-3	5.680000E-4
2.118025E-3	5.670000E-4
2.145224E-3	5.660000E-4
2.134625E-3	5.650000E-4
2.126168E-3	5.640000E-4
2.127324E-3	5.630000E-4
2.133165E-3	5.620000E-4
2.137158E-3	5.610000E-4
2.148604E-3	5.600000E-4
2.148379E-3	5.590000E-4
2.134158E-3	5.580000E-4
2.117563E-3	5.570000E-4
2.102584E-3	5.560000E-4
2.102813E-3	5.550000E-4
2.118872E-3	5.540000E-4
2.123715E-3	5.530000E-4
2.113876E-3	5.520000E-4
2.115336E-3	5.510000E-4
2.111491E-3	5.500000E-4
2.111800E-3	5.490000E-4
2.101658E-3	5.480000E-4
2.111492E-3	5.470000E-4
2.120562E-3	5.460000E-4
2.115182E-3	5.450000E-4
2.128861E-3	5.440000E-4
2.125323E-3	5.430000E-4
2.112494E-3	5.420000E-4
2.099129E-3	5.410000E-4
2.099897E-3	5.400000E-4
2.114567E-3	5.390000E-4
2.112420E-3	5.380000E-4
2.121181E-3	5.370000E-4
2.112342E-3	5.360000E-4
2.116722E-3	5.350000E-4
2.119492E-3	5.340000E-4
2.102355E-3	5.330000E-4
2.104658E-3	5.320000E-4
2.080381E-3	5.310000E-4
2.082451E-3	5.300000E-4
2.096134E-3	5.290000E-4
2.098362E-3	5.280000E-4
2.102199E-3	5.270000E-4
2.108889E-3	5.260000E-4
2.091064E-3	5.250000E-4
2.096131E-3	5.240000E-4
2.081534E-3	5.230000E-4
2.094288E-3	5.220000E-4
2.102130E-3	5.210000E-4
2.084223E-3	5.200000E-4
2.078844E-3	5.190000E-4
2.076617E-3	5.180000E-4
2.068235E-3	5.170000E-4
2.066170E-3	5.160000E-4
2.068862E-3	5.150000E-4
2.062865E-3	5.140000E-4
2.054719E-3	5.130000E-4
2.061792E-3	5.120000E-4
2.066172E-3	5.110000E-4
2.062482E-3	5.100000E-4
2.059258E-3	5.090000E-4
2.046116E-3	5.080000E-4
2.046188E-3	5.070000E-4
2.034824E-3	5.060000E-4
2.034287E-3	5.050000E-4
2.030285E-3	5.040000E-4
2.030366E-3	5.030000E-4
2.028747E-3	5.020000E-4
2.025443E-3	5.010000E-4
2.017072E-3	5.000000E-4
2.014233E-3	4.990000E-4
2.017152E-3	4.980000E-4
2.008467E-3	4.970000E-4
2.010009E-3	4.960000E-4
2.005780E-3	4.950000E-4
1.994333E-3	4.940000E-4
1.990025E-3	4.930000E-4
1.993485E-3	4.920000E-4
1.987107E-3	4.910000E-4
1.990336E-3	4.900000E-4
1.977965E-3	4.890000E-4
1.981044E-3	4.880000E-4
1.970436E-3	4.870000E-4
1.980043E-3	4.860000E-4
1.976506E-3	4.850000E-4
1.973893E-3	4.840000E-4
1.961673E-3	4.830000E-4
1.966912E-3	4.820000E-4
1.957380E-3	4.810000E-4
1.945625E-3	4.800000E-4
1.941165E-3	4.790000E-4
1.939783E-3	4.780000E-4
1.935561E-3	4.770000E-4
1.938863E-3	4.760000E-4
1.938326E-3	4.750000E-4
1.927952E-3	4.740000E-4
1.919115E-3	4.730000E-4
1.915198E-3	4.720000E-4
1.911659E-3	4.710000E-4
1.912354E-3	4.700000E-4
1.907668E-3	4.690000E-4
1.900290E-3	4.680000E-4
1.896760E-3	4.670000E-4
1.898760E-3	4.660000E-4
1.887383E-3	4.650000E-4
1.876784E-3	4.640000E-4
1.883702E-3	4.630000E-4
1.879704E-3	4.620000E-4
1.869634E-3	4.610000E-4
1.866643E-3	4.600000E-4
1.855273E-3	4.590000E-4
1.850433E-3	4.580000E-4
1.849437E-3	4.570000E-4
1.850124E-3	4.560000E-4
1.848517E-3	4.550000E-4
1.838835E-3	4.540000E-4
1.832914E-3	4.530000E-4
1.829306E-3	4.520000E-4
1.829768E-3	4.510000E-4
1.817777E-3	4.500000E-4
1.820922E-3	4.490000E-4
1.821239E-3	4.480000E-4
1.814858E-3	4.470000E-4
1.808251E-3	4.460000E-4
1.799106E-3	4.450000E-4
1.797494E-3	4.440000E-4
1.790272E-3	4.430000E-4
1.789428E-3	4.420000E-4
1.787276E-3	4.410000E-4
1.781593E-3	4.400000E-4
1.773989E-3	4.390000E-4
1.780591E-3	4.380000E-4
1.777902E-3	4.370000E-4
1.759998E-3	4.360000E-4
1.763230E-3	4.350000E-4
1.753085E-3	4.340000E-4
1.749935E-3	4.330000E-4
1.745555E-3	4.320000E-4
1.736411E-3	4.310000E-4
1.739263E-3	4.300000E-4
1.724429E-3	4.290000E-4
1.724119E-3	4.280000E-4
1.713282E-3	4.270000E-4
1.716670E-3	4.260000E-4
1.717060E-3	4.250000E-4
1.715904E-3	4.240000E-4
1.706987E-3	4.230000E-4
1.701381E-3	4.220000E-4
1.704614E-3	4.210000E-4
1.690009E-3	4.200000E-4
1.689316E-3	4.190000E-4
1.680792E-3	4.180000E-4
1.685790E-3	4.170000E-4
1.673491E-3	4.160000E-4
1.670112E-3	4.150000E-4
1.665657E-3	4.140000E-4
1.669194E-3	4.130000E-4
1.656975E-3	4.120000E-4
1.648367E-3	4.110000E-4
1.644989E-3	4.100000E-4
1.644913E-3	4.090000E-4
1.639070E-3	4.080000E-4
1.635159E-3	4.070000E-4
1.625623E-3	4.060000E-4
1.625241E-3	4.050000E-4
1.625782E-3	4.040000E-4
1.621017E-3	4.030000E-4
1.625629E-3	4.020000E-4
1.610648E-3	4.010000E-4
1.598044E-3	4.000000E-4
1.596128E-3	3.990000E-4
1.597739E-3	3.980000E-4
1.587900E-3	3.970000E-4
1.581831E-3	3.960000E-4
1.583375E-3	3.950000E-4
1.577533E-3	3.940000E-4
1.573687E-3	3.930000E-4
1.565091E-3	3.920000E-4
1.561704E-3	3.910000E-4
1.551175E-3	3.900000E-4
1.545950E-3	3.890000E-4
1.551719E-3	3.880000E-4
1.542339E-3	3.870000E-4
1.536119E-3	3.860000E-4
1.538881E-3	3.850000E-4
1.533892E-3	3.840000E-4
1.524825E-3	3.830000E-4
1.522061E-3	3.820000E-4
1.525747E-3	3.810000E-4
1.513766E-3	3.800000E-4
1.506616E-3	3.790000E-4
1.505621E-3	3.780000E-4
1.497094E-3	3.770000E-4
1.490098E-3	3.760000E-4
1.484796E-3	3.750000E-4
1.488179E-3	3.740000E-4
1.480956E-3	3.730000E-4
1.476038E-3	3.720000E-4
1.474661E-3	3.710000E-4
1.474583E-3	3.700000E-4
1.470586E-3	3.690000E-4
1.462061E-3	3.680000E-4
1.453300E-3	3.670000E-4
1.452763E-3	3.660000E-4
1.452763E-3	3.650000E-4
1.437322E-3	3.640000E-4
1.434552E-3	3.630000E-4
1.431251E-3	3.620000E-4
1.431020E-3	3.610000E-4
1.421025E-3	3.600000E-4
1.421415E-3	3.590000E-4
1.422341E-3	3.580000E-4
1.411425E-3	3.570000E-4
1.405051E-3	3.560000E-4
1.401667E-3	3.550000E-4
1.397443E-3	3.540000E-4
1.388838E-3	3.530000E-4
1.389606E-3	3.520000E-4
1.386150E-3	3.510000E-4
1.384462E-3	3.500000E-4
1.377777E-3	3.490000E-4
1.371781E-3	3.480000E-4
1.373320E-3	3.470000E-4
1.356261E-3	3.460000E-4
1.361565E-3	3.450000E-4
1.349115E-3	3.440000E-4
1.342353E-3	3.430000E-4
1.335363E-3	3.420000E-4
1.345741E-3	3.410000E-4
1.326759E-3	3.400000E-4
1.325528E-3	3.390000E-4
1.322073E-3	3.380000E-4
1.322073E-3	3.370000E-4
1.318768E-3	3.360000E-4
1.320616E-3	3.350000E-4
1.313392E-3	3.340000E-4
1.309092E-3	3.330000E-4
1.302252E-3	3.320000E-4
1.297875E-3	3.310000E-4
1.299102E-3	3.300000E-4
1.285272E-3	3.290000E-4
1.280896E-3	3.280000E-4
1.279822E-3	3.270000E-4
1.281280E-3	3.260000E-4
1.272212E-3	3.250000E-4
1.264144E-3	3.240000E-4
1.251466E-3	3.230000E-4
1.247701E-3	3.220000E-4
1.248394E-3	3.210000E-4
1.249316E-3	3.200000E-4
1.245626E-3	3.190000E-4
1.234257E-3	3.180000E-4
1.231415E-3	3.170000E-4
1.230263E-3	3.160000E-4
1.225190E-3	3.150000E-4
1.213516E-3	3.140000E-4
1.210594E-3	3.130000E-4
1.206442E-3	3.120000E-4
1.200525E-3	3.110000E-4
1.200143E-3	3.100000E-4
1.192845E-3	3.090000E-4
1.190693E-3	3.080000E-4
1.188468E-3	3.070000E-4
1.187623E-3	3.060000E-4
1.176173E-3	3.050000E-4
1.170259E-3	3.040000E-4
1.162268E-3	3.030000E-4
1.162729E-3	3.020000E-4
1.159347E-3	3.010000E-4
1.152818E-3	3.000000E-4
1.146901E-3	2.990000E-4
1.138755E-3	2.980000E-4
1.136144E-3	2.970000E-4
1.136836E-3	2.960000E-4
1.139297E-3	2.950000E-4
1.124159E-3	2.940000E-4
1.119396E-3	2.930000E-4
1.118858E-3	2.920000E-4
1.115786E-3	2.910000E-4
1.113175E-3	2.900000E-4
1.099033E-3	2.890000E-4
1.106106E-3	2.880000E-4
1.097730E-3	2.870000E-4
1.092891E-3	2.860000E-4
1.084515E-3	2.850000E-4
1.088435E-3	2.840000E-4
1.074142E-3	2.830000E-4
1.073761E-3	2.820000E-4
1.079295E-3	2.810000E-4
1.068691E-3	2.800000E-4
1.064156E-3	2.790000E-4
1.056473E-3	2.780000E-4
1.053863E-3	2.770000E-4
1.062161E-3	2.760000E-4
1.044258E-3	2.750000E-4
1.040570E-3	2.740000E-4
1.037037E-3	2.730000E-4
1.033733E-3	2.720000E-4
1.029047E-3	2.710000E-4
1.023592E-3	2.700000E-4
1.016595E-3	2.690000E-4
1.005995E-3	2.680000E-4
1.009377E-3	2.670000E-4
1.004689E-3	2.660000E-4
1.005692E-3	2.650000E-4
9.980852E-4	2.640000E-4
9.891704E-4	2.630000E-4
9.901702E-4	2.620000E-4
9.909397E-4	2.610000E-4
9.830234E-4	2.600000E-4
9.764917E-4	2.590000E-4
9.737259E-4	2.580000E-4
9.669683E-4	2.570000E-4
9.584388E-4	2.560000E-4
9.615123E-4	2.550000E-4
9.556730E-4	2.540000E-4
9.476041E-4	2.530000E-4
9.441483E-4	2.520000E-4
9.368487E-4	2.510000E-4
9.366167E-4	2.500000E-4
9.290130E-4	2.490000E-4
9.224052E-4	2.480000E-4
9.207929E-4	2.470000E-4
9.209467E-4	2.460000E-4
9.168746E-4	2.450000E-4
9.038880E-4	2.440000E-4
9.165684E-4	2.430000E-4
8.999699E-4	2.420000E-4
9.086564E-4	2.410000E-4
8.899050E-4	2.400000E-4
8.874474E-4	2.390000E-4
8.971306E-4	2.380000E-4
8.828418E-4	2.370000E-4
8.864531E-4	2.360000E-4
8.834551E-4	2.350000E-4
8.623998E-4	2.340000E-4
8.681636E-4	2.330000E-4
8.577939E-4	2.320000E-4
8.521080E-4	2.310000E-4
8.535659E-4	2.300000E-4
8.430408E-4	2.290000E-4
8.454236E-4	2.280000E-4
8.423516E-4	2.270000E-4
8.378162E-4	2.260000E-4
8.324403E-4	2.250000E-4
8.282137E-4	2.240000E-4
8.226796E-4	2.230000E-4
8.119243E-4	2.220000E-4
8.067754E-4	2.210000E-4
8.054702E-4	2.200000E-4
7.998631E-4	2.190000E-4
7.979441E-4	2.180000E-4
7.949462E-4	2.170000E-4
7.883385E-4	2.160000E-4
7.907208E-4	2.150000E-4
7.831149E-4	2.140000E-4
7.744337E-4	2.130000E-4
7.683604E-4	2.120000E-4
7.647515E-4	2.110000E-4
7.598321E-4	2.100000E-4
7.572981E-4	2.090000E-4
7.562991E-4	2.080000E-4
7.516909E-4	2.070000E-4
7.356326E-4	2.060000E-4
7.403942E-4	2.050000E-4
7.417806E-4	2.040000E-4
7.292560E-4	2.030000E-4
7.231850E-4	2.020000E-4
7.201903E-4	2.010000E-4
7.210360E-4	2.000000E-4
7.089729E-4	1.990000E-4
7.175028E-4	1.980000E-4
7.099735E-4	1.970000E-4
7.062852E-4	1.960000E-4
6.888445E-4	1.950000E-4
6.963757E-4	1.940000E-4
6.983725E-4	1.930000E-4
6.837745E-4	1.920000E-4
6.858477E-4	1.910000E-4
6.688676E-4	1.900000E-4
6.663334E-4	1.890000E-4
6.667949E-4	1.880000E-4
6.595723E-4	1.870000E-4
6.538085E-4	1.860000E-4
6.505850E-4	1.850000E-4
6.501201E-4	1.840000E-4
6.447445E-4	1.830000E-4
6.432850E-4	1.820000E-4
6.372901E-4	1.810000E-4
6.317596E-4	1.800000E-4
6.217727E-4	1.790000E-4
6.220010E-4	1.780000E-4
6.169314E-4	1.770000E-4
6.058674E-4	1.760000E-4
6.044075E-4	1.750000E-4
6.037937E-4	1.740000E-4
6.046387E-4	1.730000E-4
6.006442E-4	1.720000E-4
5.971846E-4	1.710000E-4
5.907321E-4	1.700000E-4
5.897341E-4	1.690000E-4
5.812818E-4	1.680000E-4
5.715245E-4	1.670000E-4
5.721386E-4	1.660000E-4
5.646863E-4	1.650000E-4
5.602303E-4	1.640000E-4
5.608445E-4	1.630000E-4
5.539302E-4	1.620000E-4
5.457868E-4	1.610000E-4
5.457866E-4	1.600000E-4
5.348765E-4	1.590000E-4
5.257330E-4	1.580000E-4
5.319576E-4	1.570000E-4
5.261189E-4	1.560000E-4
5.259649E-4	1.550000E-4
5.162086E-4	1.540000E-4
5.159011E-4	1.530000E-4
5.084474E-4	1.520000E-4
4.996891E-4	1.510000E-4
5.174388E-4	1.500000E-4
5.004577E-4	1.490000E-4
4.993063E-4	1.480000E-4
4.967712E-4	1.470000E-4
4.888581E-4	1.460000E-4
4.874734E-4	1.450000E-4
4.871673E-4	1.440000E-4
4.678054E-4	1.430000E-4
4.691108E-4	1.420000E-4
4.638098E-4	1.410000E-4
4.588168E-4	1.400000E-4
4.552044E-4	1.390000E-4
4.496740E-4	1.380000E-4
4.489819E-4	1.370000E-4
4.439096E-4	1.360000E-4
4.390699E-4	1.350000E-4
4.330785E-4	1.340000E-4
4.334621E-4	1.330000E-4
4.365347E-4	1.320000E-4
4.300034E-4	1.310000E-4
4.207848E-4	1.300000E-4
4.095681E-4	1.290000E-4
4.080320E-4	1.280000E-4
4.061108E-4	1.270000E-4
4.031142E-4	1.260000E-4
3.996565E-4	1.250000E-4
3.898223E-4	1.240000E-4
3.905158E-4	1.230000E-4
3.751487E-4	1.220000E-4
3.789121E-4	1.210000E-4
3.656198E-4	1.200000E-4
3.672352E-4	1.190000E-4
3.567859E-4	1.180000E-4
3.610118E-4	1.170000E-4
3.649298E-4	1.160000E-4
3.564787E-4	1.150000E-4
3.533297E-4	1.140000E-4
3.458000E-4	1.130000E-4
3.464907E-4	1.120000E-4
3.391916E-4	1.110000E-4
3.342741E-4	1.100000E-4
3.241334E-4	1.090000E-4
3.277446E-4	1.080000E-4
3.217524E-4	1.070000E-4
3.197543E-4	1.060000E-4
3.116873E-4	1.050000E-4
3.033154E-4	1.040000E-4
3.066940E-4	1.030000E-4
3.061566E-4	1.020000E-4
2.909435E-4	1.010000E-4
2.907139E-4	1.000000E-4
2.919438E-4	9.900000E-5
2.764231E-4	9.800000E-5
2.832606E-4	9.700000E-5
2.893316E-4	9.600000E-5
2.707373E-4	9.500000E-5
2.566773E-4	9.400000E-5
2.643596E-4	9.300000E-5
2.711981E-4	9.200000E-5
2.544507E-4	9.100000E-5
2.452304E-4	9.000000E-5
2.426959E-4	8.900000E-5
2.393135E-4	8.800000E-5
2.388523E-4	8.700000E-5
2.410020E-4	8.600000E-5
2.271741E-4	8.500000E-5
2.159590E-4	8.400000E-5
2.156496E-4	8.300000E-5
2.121173E-4	8.200000E-5
2.145750E-4	8.100000E-5
1.979782E-4	8.000000E-5
2.044340E-4	7.900000E-5
1.958281E-4	7.800000E-5
1.986712E-4	7.700000E-5
1.898350E-4	7.600000E-5
1.939075E-4	7.500000E-5
1.703187E-4	7.400000E-5
1.744693E-4	7.300000E-5
1.652498E-4	7.200000E-5
1.717796E-4	7.100000E-5
1.557985E-4	7.000000E-5
1.519575E-4	6.900000E-5
1.479627E-4	6.800000E-5
1.445822E-4	6.700000E-5
1.444288E-4	6.600000E-5
1.393577E-4	6.500000E-5
1.443522E-4	6.400000E-5
1.405888E-4	6.300000E-5
1.198432E-4	6.200000E-5
1.131586E-4	6.100000E-5
1.206122E-4	6.000000E-5
1.256070E-4	5.900000E-5
1.107015E-4	5.800000E-5
1.106248E-4	5.700000E-5
1.127761E-4	5.600000E-5
9.687210E-5	5.500000E-5
9.472064E-5	5.400000E-5
8.434885E-5	5.300000E-5
8.096866E-5	5.200000E-5
8.020061E-5	5.100000E-5
4.462708E-5	5.000000E-5
-3.381564E-5	4.900000E-5
-6.316428E-5	4.800000E-5
-8.198762E-5	4.700000E-5
-8.782658E-5	4.600000E-5
-8.006686E-5	4.500000E-5
-9.796812E-5	4.400000E-5
-9.558646E-5	4.300000E-5
-9.420350E-5	4.200000E-5
-8.313996E-5	4.100000E-5
-9.143760E-5	4.000000E-5
-9.343518E-5	3.900000E-5
-9.743035E-5	3.800000E-5
-9.650847E-5	3.700000E-5
-8.759606E-5	3.600000E-5
-8.920949E-5	3.500000E-5
-9.404986E-5	3.400000E-5
-8.751930E-5	3.300000E-5
-8.997789E-5	3.200000E-5
-9.696934E-5	3.100000E-5
-9.796817E-5	3.000000E-5
-7.891445E-5	2.900000E-5
-9.743035E-5	2.800000E-5
-9.873653E-5	2.700000E-5
-9.113028E-5	2.600000E-5
-1.017329E-4	2.500000E-5
-1.025781E-4	2.400000E-5
-8.313992E-5	2.300000E-5
-9.988890E-5	2.200000E-5
-8.821084E-5	2.100000E-5
-9.197532E-5	2.000000E-5
-1.008109E-4	1.900000E-5
-8.974729E-5	1.800000E-5
-1.026548E-4	1.700000E-5
-9.604739E-5	1.600000E-5
-8.698144E-5	1.500000E-5
-8.944004E-5	1.400000E-5
-1.081867E-4	1.300000E-5
-1.050365E-4	1.200000E-5
-9.865958E-5	1.100000E-5
-1.055744E-4	1.000000E-5
-9.812191E-5	9.000000E-6
-1.005804E-4	8.000000E-6
-1.017329E-4	7.000000E-6
-1.101843E-4	6.000000E-6
-9.912073E-5	5.000000E-6
-9.151445E-5	4.000000E-6
-9.358879E-5	3.000000E-6
-9.865961E-5	2.000000E-6
-1.029621E-4	1.000000E-6
-9.174494E-5	0.000000E+0
-9.589382E-5	0.000000E+0
-9.581686E-5	-1.000000E-6
-8.813386E-5	-2.000000E-6
-9.620113E-5	-3.000000E-6
-1.104916E-4	-4.000000E-6
-9.358883E-5	-5.000000E-6
-8.621314E-5	-6.000000E-6
-9.320473E-5	-7.000000E-6
-1.066501E-4	-8.000000E-6
-8.736554E-5	-9.000000E-6
-9.704624E-5	-1.000000E-5
-1.026549E-4	-1.100000E-5
-1.061891E-4	-1.200000E-5
-9.912067E-5	-1.300000E-5
-1.025011E-4	-1.400000E-5
-1.022707E-4	-1.500000E-5
-1.094928E-4	-1.600000E-5
-1.005804E-4	-1.700000E-5
-1.075719E-4	-1.800000E-5
-9.335830E-5	-1.900000E-5
-1.036537E-4	-2.000000E-5
-9.865971E-5	-2.100000E-5
-9.074619E-5	-2.200000E-5
-9.082306E-5	-2.300000E-5
-9.812184E-5	-2.400000E-5
-1.130270E-4	-2.500000E-5
-9.404985E-5	-2.600000E-5
-9.389622E-5	-2.700000E-5
-1.032694E-4	-2.800000E-5
-9.128392E-5	-2.900000E-5
-9.312793E-5	-3.000000E-5
-1.006572E-4	-3.100000E-5
-1.054975E-4	-3.200000E-5
-9.036205E-5	-3.300000E-5
-1.208638E-4	-3.400000E-5
-9.566321E-5	-3.500000E-5
-1.050365E-4	-3.600000E-5
-1.052670E-4	-3.700000E-5
-9.381935E-5	-3.800000E-5
-1.011182E-4	-3.900000E-5
-1.000427E-4	-4.000000E-5
-1.133343E-4	-4.100000E-5
-1.113367E-4	-4.200000E-5
-1.068036E-4	-4.300000E-5
-1.095696E-4	-4.400000E-5
-1.068037E-4	-4.500000E-5
-1.208638E-4	-4.600000E-5
-1.263187E-4	-4.700000E-5
-1.548233E-4	-4.800000E-5
-2.017674E-4	-4.900000E-5
-2.467911E-4	-5.000000E-5
-2.556270E-4	-5.100000E-5
-2.736056E-4	-5.200000E-5
-2.937360E-4	-5.300000E-5
-2.853617E-4	-5.400000E-5
-2.889728E-4	-5.500000E-5
-2.984989E-4	-5.600000E-5
-3.098706E-4	-5.700000E-5
-3.084879E-4	-5.800000E-5
-3.173239E-4	-5.900000E-5
-3.142505E-4	-6.000000E-5
-3.177845E-4	-6.100000E-5
-3.120222E-4	-6.200000E-5
-3.300000E-4	-6.300000E-5
-3.363775E-4	-6.400000E-5
-3.399113E-4	-6.500000E-5
-3.456740E-4	-6.600000E-5
-3.530501E-4	-6.700000E-5
-3.520514E-4	-6.800000E-5
-3.597337E-4	-6.900000E-5
-3.563532E-4	-7.000000E-5
-3.702595E-4	-7.100000E-5
-3.667263E-4	-7.200000E-5
-3.777142E-4	-7.300000E-5
-3.775598E-4	-7.400000E-5
-3.806337E-4	-7.500000E-5
-3.857800E-4	-7.600000E-5
-3.983813E-4	-7.700000E-5
-4.040660E-4	-7.800000E-5
-3.996871E-4	-7.900000E-5
-4.138226E-4	-8.000000E-5
-4.106735E-4	-8.100000E-5
-4.125941E-4	-8.200000E-5
-4.250402E-4	-8.300000E-5
-4.209682E-4	-8.400000E-5
-4.166678E-4	-8.500000E-5
-4.312639E-4	-8.600000E-5
-4.323406E-4	-8.700000E-5
-4.510095E-4	-8.800000E-5
-4.430964E-4	-8.900000E-5
-4.424059E-4	-9.000000E-5
-4.523165E-4	-9.100000E-5
-4.715239E-4	-9.200000E-5
-4.595396E-4	-9.300000E-5
-4.667612E-4	-9.400000E-5
-4.588480E-4	-9.500000E-5
-4.741374E-4	-9.600000E-5
-4.682217E-4	-9.700000E-5
-4.832037E-4	-9.800000E-5
-4.845872E-4	-9.900000E-5
-4.932683E-4	-1.000000E-4
-4.888900E-4	-1.010000E-4
-4.859705E-4	-1.020000E-4
-4.938836E-4	-1.030000E-4
-4.986476E-4	-1.040000E-4
-5.177006E-4	-1.050000E-4
-5.147053E-4	-1.060000E-4
-5.205445E-4	-1.070000E-4
-5.211579E-4	-1.080000E-4
-5.295340E-4	-1.090000E-4
-5.385998E-4	-1.100000E-4
-5.335303E-4	-1.110000E-4
-5.421338E-4	-1.120000E-4
-5.463600E-4	-1.130000E-4
-5.488184E-4	-1.140000E-4
-5.538894E-4	-1.150000E-4
-5.583459E-4	-1.160000E-4
-5.628010E-4	-1.170000E-4
-5.674889E-4	-1.180000E-4
-5.687933E-4	-1.190000E-4
-5.733279E-4	-1.200000E-4
-5.802424E-4	-1.210000E-4
-5.902301E-4	-1.220000E-4
-5.903836E-4	-1.230000E-4
-5.887707E-4	-1.240000E-4
-6.042894E-4	-1.250000E-4
-6.054429E-4	-1.260000E-4
-6.121265E-4	-1.270000E-4
-6.177358E-4	-1.280000E-4
-6.168149E-4	-1.290000E-4
-6.182739E-4	-1.300000E-4
-6.197333E-4	-1.310000E-4
-6.235766E-4	-1.320000E-4
-6.273392E-4	-1.330000E-4
-6.350238E-4	-1.340000E-4
-6.421676E-4	-1.350000E-4
-6.508492E-4	-1.360000E-4
-6.467781E-4	-1.370000E-4
-6.566132E-4	-1.380000E-4
-6.542325E-4	-1.390000E-4
-6.560753E-4	-1.400000E-4
-6.686764E-4	-1.410000E-4
-6.651419E-4	-1.420000E-4
-6.718266E-4	-1.430000E-4
-6.759761E-4	-1.440000E-4
-6.874995E-4	-1.450000E-4
-6.840427E-4	-1.460000E-4
-6.918020E-4	-1.470000E-4
-6.983347E-4	-1.480000E-4
-6.941085E-4	-1.490000E-4
-7.030215E-4	-1.500000E-4
-7.092434E-4	-1.510000E-4
-7.126241E-4	-1.520000E-4
-7.160803E-4	-1.530000E-4
-7.218438E-4	-1.540000E-4
-7.242252E-4	-1.550000E-4
-7.228425E-4	-1.560000E-4
-7.292958E-4	-1.570000E-4
-7.335226E-4	-1.580000E-4
-7.346740E-4	-1.590000E-4
-7.431261E-4	-1.600000E-4
-7.454306E-4	-1.610000E-4
-7.488888E-4	-1.620000E-4
-7.611049E-4	-1.630000E-4
-7.512707E-4	-1.640000E-4
-7.684801E-4	-1.650000E-4
-7.728622E-4	-1.660000E-4
-7.758579E-4	-1.670000E-4
-7.771637E-4	-1.680000E-4
-7.844620E-4	-1.690000E-4
-7.904550E-4	-1.700000E-4
-7.936030E-4	-1.710000E-4
-8.001355E-4	-1.720000E-4
-8.007488E-4	-1.730000E-4
-8.105845E-4	-1.740000E-4
-8.112747E-4	-1.750000E-4
-8.160381E-4	-1.760000E-4
-8.166544E-4	-1.770000E-4
-8.121229E-4	-1.780000E-4
-8.288702E-4	-1.790000E-4
-8.317898E-4	-1.800000E-4
-8.374759E-4	-1.810000E-4
-8.417008E-4	-1.820000E-4
-8.437773E-4	-1.830000E-4
-8.440828E-4	-1.840000E-4
-8.546091E-4	-1.850000E-4
-8.554558E-4	-1.860000E-4
-8.581458E-4	-1.870000E-4
-8.656735E-4	-1.880000E-4
-8.689017E-4	-1.890000E-4
-8.700540E-4	-1.900000E-4
-8.849577E-4	-1.910000E-4
-8.822694E-4	-1.920000E-4
-8.861121E-4	-1.930000E-4
-8.907240E-4	-1.940000E-4
-8.908752E-4	-1.950000E-4
-9.009390E-4	-1.960000E-4
-8.984043E-4	-1.970000E-4
-9.096228E-4	-1.980000E-4
-9.080860E-4	-1.990000E-4
-9.208399E-4	-2.000000E-4
-9.175367E-4	-2.010000E-4
-9.273719E-4	-2.020000E-4
-9.326729E-4	-2.030000E-4
-9.348234E-4	-2.040000E-4
-9.425805E-4	-2.050000E-4
-9.429692E-4	-2.060000E-4
-9.551825E-4	-2.070000E-4
-9.504957E-4	-2.080000E-4
-9.606373E-4	-2.090000E-4
-9.679369E-4	-2.100000E-4
-9.677099E-4	-2.110000E-4
-9.717034E-4	-2.120000E-4
-9.770787E-4	-2.130000E-4
-9.808438E-4	-2.140000E-4
-9.853013E-4	-2.150000E-4
-9.884530E-4	-2.160000E-4
-9.874518E-4	-2.170000E-4
-9.976691E-4	-2.180000E-4
-1.000359E-3	-2.190000E-4
-1.009732E-3	-2.200000E-4
-1.009657E-3	-2.210000E-4
-1.016340E-3	-2.220000E-4
-1.017570E-3	-2.230000E-4
-1.026252E-3	-2.240000E-4
-1.030478E-3	-2.250000E-4
-1.032246E-3	-2.260000E-4
-1.037855E-3	-2.270000E-4
-1.043768E-3	-2.280000E-4
-1.035551E-3	-2.290000E-4
-1.047614E-3	-2.300000E-4
-1.049071E-3	-2.310000E-4
-1.060595E-3	-2.320000E-4
-1.067435E-3	-2.330000E-4
-1.068279E-3	-2.340000E-4
-1.063286E-3	-2.350000E-4
-1.075578E-3	-2.360000E-4
-1.078883E-3	-2.370000E-4
-1.086029E-3	-2.380000E-4
-1.088181E-3	-2.390000E-4
-1.093712E-3	-2.400000E-4
-1.097245E-3	-2.410000E-4
-1.099861E-3	-2.420000E-4
-1.105390E-3	-2.430000E-4
-1.115376E-3	-2.440000E-4
-1.113073E-3	-2.450000E-4
-1.122216E-3	-2.460000E-4
-1.128209E-3	-2.470000E-4
-1.133358E-3	-2.480000E-4
-1.136121E-3	-2.490000E-4
-1.129595E-3	-2.500000E-4
-1.143652E-3	-2.510000E-4
-1.149871E-3	-2.520000E-4
-1.151718E-3	-2.530000E-4
-1.151184E-3	-2.540000E-4
-1.161709E-3	-2.550000E-4
-1.163090E-3	-2.560000E-4
-1.164243E-3	-2.570000E-4
-1.165628E-3	-2.580000E-4
-1.169238E-3	-2.590000E-4
-1.170699E-3	-2.600000E-4
-1.175382E-3	-2.610000E-4
-1.185679E-3	-2.620000E-4
-1.187294E-3	-2.630000E-4
-1.195972E-3	-2.640000E-4
-1.196509E-3	-2.650000E-4
-1.201429E-3	-2.660000E-4
-1.205347E-3	-2.670000E-4
-1.214720E-3	-2.680000E-4
-1.219255E-3	-2.690000E-4
-1.221021E-3	-2.700000E-4
-1.230394E-3	-2.710000E-4
-1.230703E-3	-2.720000E-4
-1.233238E-3	-2.730000E-4
-1.235311E-3	-2.740000E-4
-1.240229E-3	-2.750000E-4
-1.242613E-3	-2.760000E-4
-1.246684E-3	-2.770000E-4
-1.254136E-3	-2.780000E-4
-1.254832E-3	-2.790000E-4
-1.262663E-3	-2.800000E-4
-1.258442E-3	-2.810000E-4
-1.264971E-3	-2.820000E-4
-1.272811E-3	-2.830000E-4
-1.284102E-3	-2.840000E-4
-1.281335E-3	-2.850000E-4
-1.289401E-3	-2.860000E-4
-1.294474E-3	-2.870000E-4
-1.300006E-3	-2.880000E-4
-1.297627E-3	-2.890000E-4
-1.312224E-3	-2.900000E-4
-1.314298E-3	-2.910000E-4
-1.319748E-3	-2.920000E-4
-1.318448E-3	-2.930000E-4
-1.322748E-3	-2.940000E-4
-1.331892E-3	-2.950000E-4
-1.330968E-3	-2.960000E-4
-1.335577E-3	-2.970000E-4
-1.341573E-3	-2.980000E-4
-1.352481E-3	-2.990000E-4
-1.351404E-3	-3.000000E-4
-1.358475E-3	-3.010000E-4
-1.361086E-3	-3.020000E-4
-1.366926E-3	-3.030000E-4
-1.368159E-3	-3.040000E-4
-1.373536E-3	-3.050000E-4
-1.379065E-3	-3.060000E-4
-1.382374E-3	-3.070000E-4
-1.395968E-3	-3.080000E-4
-1.397121E-3	-3.090000E-4
-1.399118E-3	-3.100000E-4
-1.409102E-3	-3.110000E-4
-1.408954E-3	-3.120000E-4
-1.417632E-3	-3.130000E-4
-1.419096E-3	-3.140000E-4
-1.421938E-3	-3.150000E-4
-1.424626E-3	-3.160000E-4
-1.430235E-3	-3.170000E-4
-1.438535E-3	-3.180000E-4
-1.435154E-3	-3.190000E-4
-1.443298E-3	-3.200000E-4
-1.453131E-3	-3.210000E-4
-1.457968E-3	-3.220000E-4
-1.456588E-3	-3.230000E-4
-1.459740E-3	-3.240000E-4
-1.457283E-3	-3.250000E-4
-1.466117E-3	-3.260000E-4
-1.481561E-3	-3.270000E-4
-1.477488E-3	-3.280000E-4
-1.487321E-3	-3.290000E-4
-1.485785E-3	-3.300000E-4
-1.492780E-3	-3.310000E-4
-1.491707E-3	-3.320000E-4
-1.500381E-3	-3.330000E-4
-1.500231E-3	-3.340000E-4
-1.507530E-3	-3.350000E-4
-1.521666E-3	-3.360000E-4
-1.518516E-3	-3.370000E-4
-1.526580E-3	-3.380000E-4
-1.532269E-3	-3.390000E-4
-1.529268E-3	-3.400000E-4
-1.540947E-3	-3.410000E-4
-1.542261E-3	-3.420000E-4
-1.545099E-3	-3.430000E-4
-1.553396E-3	-3.440000E-4
-1.553245E-3	-3.450000E-4
-1.558158E-3	-3.460000E-4
-1.559464E-3	-3.470000E-4
-1.567539E-3	-3.480000E-4
-1.573145E-3	-3.490000E-4
-1.575835E-3	-3.500000E-4
-1.579136E-3	-3.510000E-4
-1.586976E-3	-3.520000E-4
-1.588509E-3	-3.530000E-4
-1.601879E-3	-3.540000E-4
-1.596421E-3	-3.550000E-4
-1.604871E-3	-3.560000E-4
-1.606336E-3	-3.570000E-4
-1.610944E-3	-3.580000E-4
-1.622161E-3	-3.590000E-4
-1.622776E-3	-3.600000E-4
-1.628158E-3	-3.610000E-4
-1.631921E-3	-3.620000E-4
-1.639368E-3	-3.630000E-4
-1.645060E-3	-3.640000E-4
-1.648363E-3	-3.650000E-4
-1.644830E-3	-3.660000E-4
-1.648978E-3	-3.670000E-4
-1.652284E-3	-3.680000E-4
-1.662573E-3	-3.690000E-4
-1.667880E-3	-3.700000E-4
-1.672564E-3	-3.710000E-4
-1.680863E-3	-3.720000E-4
-1.685473E-3	-3.730000E-4
-1.681482E-3	-3.740000E-4
-1.690697E-3	-3.750000E-4
-1.687624E-3	-3.760000E-4
-1.701144E-3	-3.770000E-4
-1.704065E-3	-3.780000E-4
-1.712286E-3	-3.790000E-4
-1.720429E-3	-3.800000E-4
-1.719812E-3	-3.810000E-4
-1.722889E-3	-3.820000E-4
-1.724116E-3	-3.830000E-4
-1.728961E-3	-3.840000E-4
-1.732113E-3	-3.850000E-4
-1.737562E-3	-3.860000E-4
-1.746626E-3	-3.870000E-4
-1.748243E-3	-3.880000E-4
-1.754309E-3	-3.890000E-4
-1.757774E-3	-3.900000E-4
-1.761689E-3	-3.910000E-4
-1.766227E-3	-3.920000E-4
-1.769217E-3	-3.930000E-4
-1.772754E-3	-3.940000E-4
-1.778132E-3	-3.950000E-4
-1.784501E-3	-3.960000E-4
-1.790267E-3	-3.970000E-4
-1.788503E-3	-3.980000E-4
-1.795722E-3	-3.990000E-4
-1.803560E-3	-4.000000E-4
-1.815544E-3	-4.010000E-4
-1.815472E-3	-4.020000E-4
-1.821768E-3	-4.030000E-4
-1.816625E-3	-4.040000E-4
-1.822385E-3	-4.050000E-4
-1.826306E-3	-4.060000E-4
-1.827075E-3	-4.070000E-4
-1.844052E-3	-4.080000E-4
-1.840057E-3	-4.090000E-4
-1.852271E-3	-4.100000E-4
-1.850967E-3	-4.110000E-4
-1.854192E-3	-4.120000E-4
-1.863189E-3	-4.130000E-4
-1.863033E-3	-4.140000E-4
-1.866490E-3	-4.150000E-4
-1.864878E-3	-4.160000E-4
-1.883924E-3	-4.170000E-4
-1.882012E-3	-4.180000E-4
-1.873097E-3	-4.190000E-4
-1.884314E-3	-4.200000E-4
-1.893225E-3	-4.210000E-4
-1.902827E-3	-4.220000E-4
-1.904904E-3	-4.230000E-4
-1.911046E-3	-4.240000E-4
-1.907208E-3	-4.250000E-4
-1.912892E-3	-4.260000E-4
-1.917270E-3	-4.270000E-4
-1.921044E-3	-4.280000E-4
-1.923038E-3	-4.290000E-4
-1.936788E-3	-4.300000E-4
-1.941090E-3	-4.310000E-4
-1.945548E-3	-4.320000E-4
-1.942318E-3	-4.330000E-4
-1.944171E-3	-4.340000E-4
-1.954844E-3	-4.350000E-4
-1.953003E-3	-4.360000E-4
-1.955148E-3	-4.370000E-4
-1.969057E-3	-4.380000E-4
-1.974052E-3	-4.390000E-4
-1.974046E-3	-4.400000E-4
-1.984341E-3	-4.410000E-4
-1.983043E-3	-4.420000E-4
-1.992028E-3	-4.430000E-4
-1.995570E-3	-4.440000E-4
-2.009004E-3	-4.450000E-4
-2.000019E-3	-4.460000E-4
-2.008011E-3	-4.470000E-4
-2.011080E-3	-4.480000E-4
-2.005473E-3	-4.490000E-4
-2.015929E-3	-4.500000E-4
-2.020458E-3	-4.510000E-4
-2.028985E-3	-4.520000E-4
-2.027219E-3	-4.530000E-4
-2.033985E-3	-4.540000E-4
-2.037748E-3	-4.550000E-4
-2.047351E-3	-4.560000E-4
-2.046044E-3	-4.570000E-4
-2.055644E-3	-4.580000E-4
-2.058336E-3	-4.590000E-4
-2.068709E-3	-4.600000E-4
-2.067175E-3	-4.610000E-4
-2.063181E-3	-4.620000E-4
-2.079694E-3	-4.630000E-4
-2.074166E-3	-4.640000E-4
-2.078464E-3	-4.650000E-4
-2.080390E-3	-4.660000E-4
-2.087841E-3	-4.670000E-4
-2.097832E-3	-4.680000E-4
-2.102132E-3	-4.690000E-4
-2.093833E-3	-4.700000E-4
-2.106668E-3	-4.710000E-4
-2.111962E-3	-4.720000E-4
-2.113581E-3	-4.730000E-4
-2.116497E-3	-4.740000E-4
-2.117580E-3	-4.750000E-4
-2.122802E-3	-4.760000E-4
-2.131171E-3	-4.770000E-4
-2.135325E-3	-4.780000E-4
-2.135866E-3	-4.790000E-4
-2.145008E-3	-4.800000E-4
-2.148845E-3	-4.810000E-4
-2.156755E-3	-4.820000E-4
-2.161063E-3	-4.830000E-4
-2.160523E-3	-4.840000E-4
-2.161593E-3	-4.850000E-4
-2.165521E-3	-4.860000E-4
-2.177657E-3	-4.870000E-4
-2.170744E-3	-4.880000E-4
-2.174349E-3	-4.890000E-4
-2.185492E-3	-4.900000E-4
-2.189025E-3	-4.910000E-4
-2.188257E-3	-4.920000E-4
-2.194938E-3	-4.930000E-4
-2.193408E-3	-4.940000E-4
-2.207621E-3	-4.950000E-4
-2.208081E-3	-4.960000E-4
-2.212462E-3	-4.970000E-4
-2.209698E-3	-4.980000E-4
-2.214000E-3	-4.990000E-4
-2.213153E-3	-5.000000E-4
-2.216148E-3	-5.010000E-4
-2.215839E-3	-5.020000E-4
-2.229131E-3	-5.030000E-4
-2.231286E-3	-5.040000E-4
-2.239277E-3	-5.050000E-4
-2.239968E-3	-5.060000E-4
-2.238049E-3	-5.070000E-4
-2.244271E-3	-5.080000E-4
-2.232446E-3	-5.090000E-4
-2.242041E-3	-5.100000E-4
-2.254875E-3	-5.110000E-4
-2.267479E-3	-5.120000E-4
-2.267938E-3	-5.130000E-4
-2.266168E-3	-5.140000E-4
-2.274313E-3	-5.150000E-4
-2.265406E-3	-5.160000E-4
-2.266781E-3	-5.170000E-4
-2.274079E-3	-5.180000E-4
-2.267248E-3	-5.190000E-4
-2.271241E-3	-5.200000E-4
-2.272476E-3	-5.210000E-4
-2.271311E-3	-5.220000E-4
-2.263873E-3	-5.230000E-4
-2.272854E-3	-5.240000E-4
-2.272320E-3	-5.250000E-4
-2.267861E-3	-5.260000E-4
-2.252729E-3	-5.270000E-4
-2.264633E-3	-5.280000E-4
-2.270395E-3	-5.290000E-4
-2.268239E-3	-5.300000E-4
-2.283377E-3	-5.310000E-4
-2.292218E-3	-5.320000E-4
-2.298665E-3	-5.330000E-4
-2.300741E-3	-5.340000E-4
-2.302205E-3	-5.350000E-4
-2.306045E-3	-5.360000E-4
-2.308809E-3	-5.370000E-4
-2.299669E-3	-5.380000E-4
-2.294984E-3	-5.390000E-4
-2.302662E-3	-5.400000E-4
-2.306891E-3	-5.410000E-4
-2.311577E-3	-5.420000E-4
-2.311424E-3	-5.430000E-4
-2.311038E-3	-5.440000E-4
-2.310654E-3	-5.450000E-4
-2.302587E-3	-5.460000E-4
-2.309035E-3	-5.470000E-4
-2.301359E-3	-5.480000E-4
-2.307044E-3	-5.490000E-4
-2.294054E-3	-5.500000E-4
-2.279544E-3	-5.510000E-4
-2.307038E-3	-5.520000E-4
-2.307276E-3	-5.530000E-4
-2.304201E-3	-5.540000E-4
-2.305504E-3	-5.550000E-4
-2.310807E-3	-5.560000E-4
-2.308431E-3	-5.570000E-4
-2.305739E-3	-5.580000E-4
-2.316187E-3	-5.590000E-4
-2.311732E-3	-5.600000E-4
-2.313956E-3	-5.610000E-4
-2.313802E-3	-5.620000E-4
-2.305349E-3	-5.630000E-4
-2.300052E-3	-5.640000E-4
-2.315875E-3	-5.650000E-4
-2.329087E-3	-5.660000E-4
-2.338391E-3	-5.670000E-4
-2.325634E-3	-5.680000E-4
-2.323176E-3	-5.690000E-4
-2.313727E-3	-5.700000E-4
-2.318267E-3	-5.710000E-4
-2.318111E-3	-5.720000E-4
-2.327864E-3	-5.730000E-4
-2.318266E-3	-5.740000E-4
-2.319875E-3	-5.750000E-4
-2.317029E-3	-5.760000E-4
-2.326713E-3	-5.770000E-4
-2.316418E-3	-5.780000E-4
-2.319871E-3	-5.790000E-4
-2.317574E-3	-5.800000E-4
-2.326632E-3	-5.810000E-4
-2.328398E-3	-5.820000E-4
-2.335700E-3	-5.830000E-4
-2.337315E-3	-5.840000E-4
-2.337388E-3	-5.850000E-4
-2.325787E-3	-5.860000E-4
-2.329092E-3	-5.870000E-4
-2.334932E-3	-5.880000E-4
-2.339772E-3	-5.890000E-4
-2.331167E-3	-5.900000E-4
-2.344081E-3	-5.910000E-4
-2.341073E-3	-5.920000E-4
-2.331858E-3	-5.930000E-4
-2.338846E-3	-5.940000E-4
-2.343381E-3	-5.950000E-4
-2.349146E-3	-5.960000E-4
-2.351755E-3	-5.970000E-4
-2.355215E-3	-5.980000E-4
-2.352683E-3	-5.990000E-4
-2.350225E-3	-6.000000E-4
-2.354449E-3	-6.010000E-4
-2.359750E-3	-6.020000E-4
-2.363741E-3	-6.030000E-4
-2.352683E-3	-6.040000E-4
-2.351844E-3	-6.050000E-4
-2.362439E-3	-6.060000E-4
-2.366198E-3	-6.070000E-4
-2.365666E-3	-6.080000E-4
-2.369885E-3	-6.090000E-4
-2.371205E-3	-6.100000E-4
-2.373578E-3	-6.110000E-4
-2.368587E-3	-6.120000E-4
-2.368818E-3	-6.130000E-4
-2.370281E-3	-6.140000E-4
-2.371047E-3	-6.150000E-4
-2.376034E-3	-6.160000E-4
-2.373964E-3	-6.170000E-4
-2.390943E-3	-6.180000E-4
-2.386407E-3	-6.190000E-4
-2.383330E-3	-6.200000E-4
-2.389097E-3	-6.210000E-4
-2.385102E-3	-6.220000E-4
-2.385867E-3	-6.230000E-4
-2.395471E-3	-6.240000E-4
-2.401772E-3	-6.250000E-4
-2.392707E-3	-6.260000E-4
-2.389944E-3	-6.270000E-4
-2.390102E-3	-6.280000E-4
-2.411525E-3	-6.290000E-4
-2.389481E-3	-6.300000E-4
-2.397935E-3	-6.310000E-4
-2.404466E-3	-6.320000E-4
-2.408920E-3	-6.330000E-4
-2.408308E-3	-6.340000E-4
-2.411690E-3	-6.350000E-4
-2.420063E-3	-6.360000E-4
-2.415529E-3	-6.370000E-4
-2.418370E-3	-6.380000E-4
-2.416608E-3	-6.390000E-4
-2.417143E-3	-6.400000E-4
-2.419680E-3	-6.410000E-4
-2.423365E-3	-6.420000E-4
-2.429128E-3	-6.430000E-4
-2.433660E-3	-6.440000E-4
-2.447105E-3	-6.450000E-4
-2.443881E-3	-6.460000E-4
-2.441118E-3	-6.470000E-4
-2.434436E-3	-6.480000E-4
-2.445956E-3	-6.490000E-4
-2.446341E-3	-6.500000E-4
-2.448111E-3	-6.510000E-4
-2.452330E-3	-6.520000E-4
-2.454715E-3	-6.530000E-4
-2.461097E-3	-6.540000E-4
-2.459330E-3	-6.550000E-4
-2.462012E-3	-6.560000E-4
-2.466934E-3	-6.570000E-4
-2.467013E-3	-6.580000E-4
-2.481447E-3	-6.590000E-4
-2.476690E-3	-6.600000E-4
-2.482606E-3	-6.610000E-4
-2.493207E-3	-6.620000E-4
-2.490288E-3	-6.630000E-4
-2.494053E-3	-6.640000E-4
-2.499355E-3	-6.650000E-4
-2.506729E-3	-6.660000E-4
-2.504653E-3	-6.670000E-4
-2.509424E-3	-6.680000E-4
-2.509030E-3	-6.690000E-4
-2.514342E-3	-6.700000E-4
-2.514109E-3	-6.710000E-4
-2.514641E-3	-6.720000E-4
-2.531616E-3	-6.730000E-4
-2.532393E-3	-6.740000E-4
-2.534465E-3	-6.750000E-4
-2.537155E-3	-6.760000E-4
-2.543760E-3	-6.770000E-4
-2.538082E-3	-6.780000E-4
-2.546836E-3	-6.790000E-4
-2.552447E-3	-6.800000E-4
-2.555206E-3	-6.810000E-4
-2.553140E-3	-6.820000E-4
-2.558059E-3	-6.830000E-4
-2.566192E-3	-6.840000E-4
-2.567735E-3	-6.850000E-4
-2.573801E-3	-6.860000E-4
-2.578408E-3	-6.870000E-4
-2.577718E-3	-6.880000E-4
-2.587630E-3	-6.890000E-4
-2.587479E-3	-6.900000E-4
-2.590859E-3	-6.910000E-4
-2.598232E-3	-6.920000E-4
-2.604147E-3	-6.930000E-4
-2.610062E-3	-6.940000E-4
-2.604842E-3	-6.950000E-4
-2.608840E-3	-6.960000E-4
-2.605380E-3	-6.970000E-4
-2.612988E-3	-6.980000E-4
-2.624586E-3	-6.990000E-4
-2.619600E-3	-7.000000E-4
-2.625661E-3	-7.010000E-4
-2.622591E-3	-7.020000E-4
-2.632271E-3	-7.030000E-4
-2.631965E-3	-7.040000E-4
-2.633195E-3	-7.050000E-4
-2.640568E-3	-7.060000E-4
-2.648175E-3	-7.070000E-4
-2.646416E-3	-7.080000E-4
-2.650786E-3	-7.090000E-4
-2.655792E-3	-7.100000E-4
-2.657706E-3	-7.110000E-4
-2.657244E-3	-7.120000E-4
-2.660854E-3	-7.130000E-4
-2.666773E-3	-7.140000E-4
-2.671996E-3	-7.150000E-4
-2.674996E-3	-7.160000E-4
-2.678990E-3	-7.170000E-4
-2.681529E-3	-7.180000E-4
-2.690590E-3	-7.190000E-4
-2.688281E-3	-7.200000E-4
-2.692045E-3	-7.210000E-4
-2.699039E-3	-7.220000E-4
-2.703266E-3	-7.230000E-4
-2.704414E-3	-7.240000E-4
-2.709717E-3	-7.250000E-4
-2.709795E-3	-7.260000E-4
-2.711409E-3	-7.270000E-4
-2.713641E-3	-7.280000E-4
-2.726465E-3	-7.290000E-4
-2.736221E-3	-7.300000E-4
-2.726084E-3	-7.310000E-4
-2.731156E-3	-7.320000E-4
-2.744145E-3	-7.330000E-4
-2.738683E-3	-7.340000E-4
-2.743679E-3	-7.350000E-4
-2.739919E-3	-7.360000E-4
-2.754352E-3	-7.370000E-4
-2.753820E-3	-7.380000E-4
-2.753827E-3	-7.390000E-4
-2.756055E-3	-7.400000E-4
-2.762503E-3	-7.410000E-4
-2.762815E-3	-7.420000E-4
-2.778091E-3	-7.430000E-4
-2.780020E-3	-7.440000E-4
-2.782319E-3	-7.450000E-4
-2.784626E-3	-7.460000E-4
-2.785861E-3	-7.470000E-4
-2.790161E-3	-7.480000E-4
-2.786861E-3	-7.490000E-4
-2.796608E-3	-7.500000E-4
-2.797079E-3	-7.510000E-4
-2.799453E-3	-7.520000E-4
-2.799306E-3	-7.530000E-4
-2.803992E-3	-7.540000E-4
-2.815206E-3	-7.550000E-4
-2.816054E-3	-7.560000E-4
-2.814980E-3	-7.570000E-4
-2.828958E-3	-7.580000E-4
-2.833186E-3	-7.590000E-4
-2.829573E-3	-7.600000E-4
-2.831196E-3	-7.610000E-4
-2.840328E-3	-7.620000E-4
-2.838724E-3	-7.630000E-4
-2.839715E-3	-7.640000E-4
-2.847707E-3	-7.650000E-4
-2.852702E-3	-7.660000E-4
-2.853393E-3	-7.670000E-4
-2.848710E-3	-7.680000E-4
-2.859312E-3	-7.690000E-4
-2.865918E-3	-7.700000E-4
-2.862616E-3	-7.710000E-4
-2.868986E-3	-7.720000E-4
-2.871603E-3	-7.730000E-4
-2.870684E-3	-7.740000E-4
-2.881521E-3	-7.750000E-4
-2.886657E-3	-7.760000E-4
-2.887897E-3	-7.770000E-4
-2.884442E-3	-7.780000E-4
-2.895039E-3	-7.790000E-4
-2.894656E-3	-7.800000E-4
-2.899649E-3	-7.810000E-4
-2.897419E-3	-7.820000E-4
-2.906025E-3	-7.830000E-4
-2.908183E-3	-7.840000E-4
-2.910407E-3	-7.850000E-4
-2.912702E-3	-7.860000E-4
-2.917627E-3	-7.870000E-4
-2.924922E-3	-7.880000E-4
-2.927843E-3	-7.890000E-4
-2.930993E-3	-7.900000E-4
-2.932226E-3	-7.910000E-4
-2.938295E-3	-7.920000E-4
-2.935836E-3	-7.930000E-4
-2.946893E-3	-7.940000E-4
-2.947358E-3	-7.950000E-4
-2.950126E-3	-7.960000E-4
-2.948288E-3	-7.970000E-4
-2.951589E-3	-7.980000E-4
-2.959502E-3	-7.990000E-4
-2.959272E-3	-8.000000E-4
-2.975167E-3	-8.010000E-4
-2.974784E-3	-8.020000E-4
-2.977782E-3	-8.030000E-4
-2.979698E-3	-8.040000E-4
-2.983161E-3	-8.050000E-4
-2.981163E-3	-8.060000E-4
-2.990228E-3	-8.070000E-4
-2.988922E-3	-8.080000E-4
-2.999443E-3	-8.090000E-4
-3.000215E-3	-8.100000E-4
-2.997847E-3	-8.110000E-4
-3.006133E-3	-8.120000E-4
-3.007753E-3	-8.130000E-4
-3.006450E-3	-8.140000E-4
-3.017351E-3	-8.150000E-4
-3.024423E-3	-8.160000E-4
-3.024428E-3	-8.170000E-4
-3.027645E-3	-8.180000E-4
-3.023881E-3	-8.190000E-4
-3.037712E-3	-8.200000E-4
-3.033028E-3	-8.210000E-4
-3.039250E-3	-8.220000E-4
-3.043088E-3	-8.230000E-4
-3.044402E-3	-8.240000E-4
-3.050390E-3	-8.250000E-4
-3.054462E-3	-8.260000E-4
-3.054547E-3	-8.270000E-4
-3.058316E-3	-8.280000E-4
-3.062153E-3	-8.290000E-4
-3.062539E-3	-8.300000E-4
-3.070593E-3	-8.310000E-4
-3.075975E-3	-8.320000E-4
-3.077592E-3	-8.330000E-4
-3.083894E-3	-8.340000E-4
-3.084193E-3	-8.350000E-4
-3.089040E-3	-8.360000E-4
-3.094721E-3	-8.370000E-4
-3.089731E-3	-8.380000E-4
-3.098025E-3	-8.390000E-4
-3.099564E-3	-8.400000E-4
-3.097723E-3	-8.410000E-4
-3.103789E-3	-8.420000E-4
-3.106939E-3	-8.430000E-4
-3.110545E-3	-8.440000E-4
-3.121464E-3	-8.450000E-4
-3.121462E-3	-8.460000E-4
-3.124687E-3	-8.470000E-4
-3.125768E-3	-8.480000E-4
-3.137055E-3	-8.490000E-4
-3.133365E-3	-8.500000E-4
-3.133140E-3	-8.510000E-4
-3.142212E-3	-8.520000E-4
-3.143736E-3	-8.530000E-4
-3.145895E-3	-8.540000E-4
-3.146810E-3	-8.550000E-4
-3.153042E-3	-8.560000E-4
-3.153878E-3	-8.570000E-4
-3.164024E-3	-8.580000E-4
-3.169396E-3	-8.590000E-4
-3.167251E-3	-8.600000E-4
-3.169868E-3	-8.610000E-4
-3.175623E-3	-8.620000E-4
-3.181308E-3	-8.630000E-4
-3.183684E-3	-8.640000E-4
-3.179392E-3	-8.650000E-4
-3.191984E-3	-8.660000E-4
-3.194299E-3	-8.670000E-4
-3.194069E-3	-8.680000E-4
-3.197757E-3	-8.690000E-4
-3.202519E-3	-8.700000E-4
-3.206359E-3	-8.710000E-4
-3.207206E-3	-8.720000E-4
-3.213737E-3	-8.730000E-4
-3.215045E-3	-8.740000E-4
-3.217731E-3	-8.750000E-4
-3.227565E-3	-8.760000E-4
-3.230176E-3	-8.770000E-4
-3.225954E-3	-8.780000E-4
-3.227419E-3	-8.790000E-4
-3.236241E-3	-8.800000E-4
-3.240936E-3	-8.810000E-4
-3.241549E-3	-8.820000E-4
-3.246932E-3	-8.830000E-4
-3.247163E-3	-8.840000E-4
-3.248390E-3	-8.850000E-4
-3.256764E-3	-8.860000E-4
-3.257986E-3	-8.870000E-4
-3.261832E-3	-8.880000E-4
-3.260297E-3	-8.890000E-4
-3.263839E-3	-8.900000E-4
-3.268369E-3	-8.910000E-4
-3.276205E-3	-8.920000E-4
-3.282278E-3	-8.930000E-4
-3.282274E-3	-8.940000E-4
-3.284335E-3	-8.950000E-4
-3.293332E-3	-8.960000E-4
-3.290802E-3	-8.970000E-4
-3.297174E-3	-8.980000E-4
-3.297177E-3	-8.990000E-4
-3.300406E-3	-9.000000E-4
-3.304628E-3	-9.010000E-4
-3.313007E-3	-9.020000E-4
-3.312621E-3	-9.030000E-4
-3.314078E-3	-9.040000E-4
-3.316697E-3	-9.050000E-4
-3.327511E-3	-9.060000E-4
-3.325989E-3	-9.070000E-4
-3.332977E-3	-9.080000E-4
-3.335677E-3	-9.090000E-4
-3.336892E-3	-9.100000E-4
-3.339977E-3	-9.110000E-4
-3.346349E-3	-9.120000E-4
-3.345960E-3	-9.130000E-4
-3.351187E-3	-9.140000E-4
-3.358556E-3	-9.150000E-4
-3.357492E-3	-9.160000E-4
-3.365176E-3	-9.170000E-4
-3.367247E-3	-9.180000E-4
-3.370386E-3	-9.190000E-4
-3.377533E-3	-9.200000E-4
-3.378849E-3	-9.210000E-4
-3.382144E-3	-9.220000E-4
-3.379002E-3	-9.230000E-4
-3.384224E-3	-9.240000E-4
-3.391598E-3	-9.250000E-4
-3.391908E-3	-9.260000E-4
-3.395058E-3	-9.270000E-4
-3.403815E-3	-9.280000E-4
-3.409196E-3	-9.290000E-4
-3.404283E-3	-9.300000E-4
-3.413118E-3	-9.310000E-4
-3.417565E-3	-9.320000E-4
-3.419487E-3	-9.330000E-4
-3.420337E-3	-9.340000E-4
-3.419960E-3	-9.350000E-4
-3.423414E-3	-9.360000E-4
-3.425799E-3	-9.370000E-4
-3.433394E-3	-9.380000E-4
-3.437859E-3	-9.390000E-4
-3.444081E-3	-9.400000E-4
-3.444308E-3	-9.410000E-4
-3.444236E-3	-9.420000E-4
-3.454067E-3	-9.430000E-4
-3.458438E-3	-9.440000E-4
-3.457521E-3	-9.450000E-4
-3.463983E-3	-9.460000E-4
-3.461211E-3	-9.470000E-4
-3.462823E-3	-9.480000E-4
-3.470594E-3	-9.490000E-4
-3.474277E-3	-9.500000E-4
-3.479501E-3	-9.510000E-4
-3.486333E-3	-9.520000E-4
-3.489643E-3	-9.530000E-4
-3.488105E-3	-9.540000E-4
-3.490956E-3	-9.550000E-4
-3.494709E-3	-9.560000E-4
-3.497788E-3	-9.570000E-4
-3.507233E-3	-9.580000E-4
-3.503076E-3	-9.590000E-4
-3.506083E-3	-9.600000E-4
-3.509311E-3	-9.610000E-4
-3.517757E-3	-9.620000E-4
-3.519293E-3	-9.630000E-4
-3.525746E-3	-9.640000E-4
-3.528906E-3	-9.650000E-4
-3.527671E-3	-9.660000E-4
-3.530510E-3	-9.670000E-4
-3.534589E-3	-9.680000E-4
-3.534669E-3	-9.690000E-4
-3.546186E-3	-9.700000E-4
-3.545494E-3	-9.710000E-4
-3.548115E-3	-9.720000E-4
-3.551186E-3	-9.730000E-4
-3.557392E-3	-9.740000E-4
-3.559481E-3	-9.750000E-4
-3.561010E-3	-9.760000E-4
-3.566470E-3	-9.770000E-4
-3.575149E-3	-9.780000E-4
-3.575539E-3	-9.790000E-4
-3.579309E-3	-9.800000E-4
-3.577236E-3	-9.810000E-4
-3.588442E-3	-9.820000E-4
-3.595505E-3	-9.830000E-4
-3.592592E-3	-9.840000E-4
-3.589990E-3	-9.850000E-4
-3.596593E-3	-9.860001E-4
-3.609185E-3	-9.869999E-4
-3.602742E-3	-9.880000E-4
-3.612487E-3	-9.890000E-4
-3.610186E-3	-9.900000E-4
-3.612428E-3	-9.910000E-4
-3.617338E-3	-9.920000E-4
-3.626014E-3	-9.930000E-4
-3.623560E-3	-9.940000E-4
-3.620406E-3	-9.950000E-4
-3.633164E-3	-9.960000E-4
-3.638772E-3	-9.970000E-4
-3.636623E-3	-9.980000E-4
-3.644383E-3	-9.990000E-4
-3.643383E-3	-1.000000E-3
