Meas. Voltage (V)	Meas. Current (A)	6/1/2026 11:55:40 AM
8.120086E-4	2.010000E-4
8.052461E-4	2.000000E-4
7.960256E-4	1.990000E-4
7.937996E-4	1.980000E-4
7.912653E-4	1.970000E-4
7.891903E-4	1.960000E-4
7.896521E-4	1.950000E-4
7.805101E-4	1.940000E-4
7.688302E-4	1.930000E-4
7.697507E-4	1.920000E-4
7.543077E-4	1.910000E-4
7.639143E-4	1.900000E-4
7.552318E-4	1.890000E-4
7.563078E-4	1.880000E-4
7.411691E-4	1.870000E-4
7.521600E-4	1.860000E-4
7.367927E-4	1.850000E-4
7.367156E-4	1.840000E-4
7.220419E-4	1.830000E-4
7.244224E-4	1.820000E-4
7.216560E-4	1.810000E-4
7.153564E-4	1.800000E-4
7.125155E-4	1.790000E-4
7.072120E-4	1.780000E-4
7.119778E-4	1.770000E-4
6.946126E-4	1.760000E-4
6.885436E-4	1.750000E-4
6.906947E-4	1.740000E-4
6.837789E-4	1.730000E-4
6.836268E-4	1.720000E-4
6.797092E-4	1.710000E-4
6.671055E-4	1.700000E-4
6.733313E-4	1.690000E-4
6.614223E-4	1.680000E-4
6.508944E-4	1.670000E-4
6.539691E-4	1.660000E-4
6.434446E-4	1.650000E-4
6.466702E-4	1.640000E-4
6.409104E-4	1.630000E-4
6.372178E-4	1.620000E-4
6.309208E-4	1.610000E-4
6.217753E-4	1.600000E-4
6.184723E-4	1.590000E-4
6.141701E-4	1.580000E-4
6.130190E-4	1.570000E-4
6.043376E-4	1.560000E-4
6.009565E-4	1.550000E-4
5.991127E-4	1.540000E-4
5.949639E-4	1.530000E-4
5.915844E-4	1.520000E-4
5.859760E-4	1.510000E-4
5.769838E-4	1.500000E-4
5.746023E-4	1.490000E-4
5.719896E-4	1.480000E-4
5.663050E-4	1.470000E-4
5.627707E-4	1.460000E-4
5.577772E-4	1.450000E-4
5.522451E-4	1.440000E-4
5.510938E-4	1.430000E-4
5.414128E-4	1.420000E-4
5.338826E-4	1.410000E-4
5.349611E-4	1.400000E-4
5.301965E-4	1.390000E-4
5.292738E-4	1.380000E-4
5.166736E-4	1.370000E-4
5.043027E-4	1.360000E-4
5.124485E-4	1.350000E-4
5.019991E-4	1.340000E-4
5.034575E-4	1.330000E-4
5.066103E-4	1.320000E-4
5.075314E-4	1.310000E-4
4.915522E-4	1.300000E-4
4.817158E-4	1.290000E-4
4.830986E-4	1.280000E-4
4.772607E-4	1.270000E-4
4.701914E-4	1.260000E-4
4.715738E-4	1.250000E-4
4.622786E-4	1.240000E-4
4.577455E-4	1.230000E-4
4.545958E-4	1.220000E-4
4.498305E-4	1.210000E-4
4.394587E-4	1.200000E-4
4.368466E-4	1.190000E-4
4.325442E-4	1.180000E-4
4.305456E-4	1.170000E-4
4.293185E-4	1.160000E-4
4.207125E-4	1.150000E-4
4.157176E-4	1.140000E-4
4.052679E-4	1.130000E-4
4.000449E-4	1.120000E-4
4.048075E-4	1.110000E-4
3.998913E-4	1.100000E-4
3.912874E-4	1.090000E-4
3.921321E-4	1.080000E-4
3.870609E-4	1.070000E-4
3.783024E-4	1.060000E-4
3.747672E-4	1.050000E-4
3.737685E-4	1.040000E-4
3.556362E-4	1.030000E-4
3.680049E-4	1.020000E-4
3.457240E-4	1.010000E-4
3.586328E-4	1.000000E-4
3.388865E-4	9.900000E-5
3.451875E-4	9.800000E-5
3.345863E-4	9.700000E-5
3.149934E-4	9.600000E-5
3.256723E-4	9.500000E-5
3.215245E-4	9.400000E-5
3.155314E-4	9.300000E-5
3.039302E-4	9.200000E-5
3.094613E-4	9.100000E-5
3.150715E-4	9.000000E-5
3.129211E-4	8.900000E-5
3.041618E-4	8.800000E-5
2.939442E-4	8.700000E-5
2.928678E-4	8.600000E-5
2.736584E-4	8.500000E-5
2.845717E-4	8.400000E-5
2.821878E-4	8.300000E-5
2.678204E-4	8.200000E-5
2.798827E-4	8.100000E-5
2.677438E-4	8.000000E-5
2.135801E-4	7.900000E-5
2.510715E-4	7.800000E-5
2.482293E-4	7.700000E-5
2.392388E-4	7.600000E-5
2.423114E-4	7.500000E-5
2.330907E-4	7.400000E-5
1.694012E-4	7.300000E-5
3.479455E-5	7.200000E-5
2.006693E-4	7.100000E-5
-3.857776E-5	7.000000E-5
1.565706E-4	6.900000E-5
-6.070559E-5	6.800000E-5
4.877825E-5	6.700000E-5
-8.506047E-5	6.600000E-5
-9.381921E-5	6.500000E-5
-9.981192E-5	6.400000E-5
-8.598243E-5	6.300000E-5
-9.128369E-5	6.200000E-5
-8.798007E-5	6.100000E-5
-8.774960E-5	6.000000E-5
-1.000425E-4	5.900000E-5
-8.498362E-5	5.800000E-5
-9.827549E-5	5.700000E-5
-9.612405E-5	5.600000E-5
-9.574004E-5	5.500000E-5
-9.005455E-5	5.400000E-5
-8.997769E-5	5.300000E-5
-9.650830E-5	5.200000E-5
-8.559827E-5	5.100000E-5
-9.128381E-5	5.000000E-5
-9.228260E-5	4.900000E-5
-9.927418E-5	4.800000E-5
-9.781432E-5	4.700000E-5
-8.675095E-5	4.600000E-5
-9.389599E-5	4.500000E-5
-9.558626E-5	4.400000E-5
-8.959355E-5	4.300000E-5
-8.867159E-5	4.200000E-5
-9.166792E-5	4.100000E-5
-1.093390E-4	4.000000E-5
-9.589357E-5	3.900000E-5
-1.026548E-4	3.800000E-5
-9.305093E-5	3.700000E-5
-9.973513E-5	3.600000E-5
-8.160309E-5	3.500000E-5
-8.283245E-5	3.400000E-5
-1.058816E-4	3.300000E-5
-8.283235E-5	3.200000E-5
-9.120697E-5	3.100000E-5
-8.506048E-5	3.000000E-5
-9.881307E-5	2.900000E-5
-8.429222E-5	2.800000E-5
-7.100052E-5	2.700000E-5
-9.604736E-5	2.600000E-5
-9.251315E-5	2.500000E-5
-8.513738E-5	2.400000E-5
-9.666203E-5	2.300000E-5
-1.031157E-4	2.200000E-5
-9.574010E-5	2.100000E-5
-8.068119E-5	2.000000E-5
-8.682763E-5	1.900000E-5
-8.160312E-5	1.800000E-5
-9.351190E-5	1.700000E-5
-9.727663E-5	1.600000E-5
-9.166788E-5	1.500000E-5
-8.529107E-5	1.400000E-5
-9.274360E-5	1.300000E-5
-9.712297E-5	1.200000E-5
-9.228253E-5	1.100000E-5
-1.056512E-4	1.000000E-5
-8.628967E-5	9.000000E-6
-8.559836E-5	8.000000E-6
-1.061122E-4	7.000000E-6
-9.620089E-5	6.000000E-6
-8.375444E-5	5.000000E-6
-9.120706E-5	4.000000E-6
-1.025779E-4	3.000000E-6
-1.054974E-4	2.000000E-6
-9.842917E-5	1.000000E-6
-8.928625E-5	0.000000E+0
-8.559832E-5	0.000000E+0
-8.844113E-5	-1.000000E-6
-7.445805E-5	-2.000000E-6
-8.767282E-5	-3.000000E-6
-8.152625E-5	-4.000000E-6
-9.743020E-5	-5.000000E-6
-1.012718E-4	-6.000000E-6
-8.544463E-5	-7.000000E-6
-9.850599E-5	-8.000000E-6
-9.220574E-5	-9.000000E-6
-8.529117E-5	-1.000000E-5
-9.673881E-5	-1.100000E-5
-8.544469E-5	-1.200000E-5
-8.582875E-5	-1.300000E-5
-9.397286E-5	-1.400000E-5
-9.612413E-5	-1.500000E-5
-9.358869E-5	-1.600000E-5
-9.497173E-5	-1.700000E-5
-9.212895E-5	-1.800000E-5
-1.053438E-4	-1.900000E-5
-9.773756E-5	-2.000000E-5
-9.220582E-5	-2.100000E-5
-1.029621E-4	-2.200000E-5
-8.920936E-5	-2.300000E-5
-8.006651E-5	-2.400000E-5
-8.106521E-5	-2.500000E-5
-7.760777E-5	-2.600000E-5
-9.182160E-5	-2.700000E-5
-8.744220E-5	-2.800000E-5
-1.001194E-4	-2.900000E-5
-9.474118E-5	-3.000000E-5
-8.974721E-5	-3.100000E-5
-9.151435E-5	-3.200000E-5
-8.882525E-5	-3.300000E-5
-8.698129E-5	-3.400000E-5
-9.835217E-5	-3.500000E-5
-1.037304E-4	-3.600000E-5
-9.589364E-5	-3.700000E-5
-8.068124E-5	-3.800000E-5
-8.544482E-5	-3.900000E-5
-8.621297E-5	-4.000000E-5
-9.474120E-5	-4.100000E-5
-8.728865E-5	-4.200000E-5
-8.844120E-5	-4.300000E-5
-1.000425E-4	-4.400000E-5
-9.105333E-5	-4.500000E-5
-9.873637E-5	-4.600000E-5
-8.506051E-5	-4.700000E-5
-8.736550E-5	-4.800000E-5
-9.120693E-5	-4.900000E-5
-8.521423E-5	-5.000000E-5
-8.598257E-5	-5.100000E-5
-8.283235E-5	-5.200000E-5
-9.443384E-5	-5.300000E-5
-9.696927E-5	-5.400000E-5
-7.799209E-5	-5.500000E-5
-8.890197E-5	-5.600000E-5
-9.282040E-5	-5.700000E-5
-8.367744E-5	-5.800000E-5
-9.850590E-5	-5.900000E-5
-9.566312E-5	-6.000000E-5
-9.643145E-5	-6.100000E-5
-8.682776E-5	-6.200000E-5
-8.959363E-5	-6.300000E-5
-1.088012E-4	-6.400000E-5
-8.821062E-5	-6.500000E-5
-9.543268E-5	-6.600000E-5
-9.389607E-5	-6.700000E-5
-8.529114E-5	-6.800000E-5
-9.581677E-5	-6.900000E-5
-9.996561E-5	-7.000000E-5
-9.581678E-5	-7.100000E-5
-9.650834E-5	-7.200000E-5
-8.306298E-5	-7.300000E-5
-3.830921E-4	-7.400000E-5
-1.306218E-4	-7.500000E-5
-3.315382E-4	-7.600000E-5
-2.653097E-4	-7.700000E-5
-4.372606E-4	-7.800000E-5
-4.532421E-4	-7.900000E-5
-4.506290E-4	-8.000000E-5
-4.184351E-4	-8.100000E-5
-4.520888E-4	-8.200000E-5
-4.646898E-4	-8.300000E-5
-4.635364E-4	-8.400000E-5
-4.630761E-4	-8.500000E-5
-4.788266E-4	-8.600000E-5
-4.726806E-4	-8.700000E-5
-4.819765E-4	-8.800000E-5
-4.932715E-4	-8.900000E-5
-4.989570E-4	-9.000000E-5
-4.914278E-4	-9.100000E-5
-5.059490E-4	-9.200000E-5
-5.007244E-4	-9.300000E-5
-5.084841E-4	-9.400000E-5
-5.180124E-4	-9.500000E-5
-5.071021E-4	-9.600000E-5
-5.335315E-4	-9.700000E-5
-5.347605E-4	-9.800000E-5
-5.324545E-4	-9.900000E-5
-5.420620E-4	-1.000000E-4
-5.471307E-4	-1.010000E-4
-5.439785E-4	-1.020000E-4
-5.475929E-4	-1.030000E-4
-5.536608E-4	-1.040000E-4
-5.631130E-4	-1.050000E-4
-5.670305E-4	-1.060000E-4
-5.735611E-4	-1.070000E-4
-5.770182E-4	-1.080000E-4
-5.773273E-4	-1.090000E-4
-5.852400E-4	-1.100000E-4
-5.899260E-4	-1.110000E-4
-5.931535E-4	-1.120000E-4
-5.987632E-4	-1.130000E-4
-6.086741E-4	-1.140000E-4
-6.115935E-4	-1.150000E-4
-6.131302E-4	-1.160000E-4
-6.203526E-4	-1.170000E-4
-6.205848E-4	-1.180000E-4
-6.288043E-4	-1.190000E-4
-6.294959E-4	-1.200000E-4
-6.348736E-4	-1.210000E-4
-6.378697E-4	-1.220000E-4
-6.430964E-4	-1.230000E-4
-6.518546E-4	-1.240000E-4
-6.648373E-4	-1.250000E-4
-6.609216E-4	-1.260000E-4
-6.655304E-4	-1.270000E-4
-6.644557E-4	-1.280000E-4
-6.719083E-4	-1.290000E-4
-6.759020E-4	-1.300000E-4
-6.800530E-4	-1.310000E-4
-6.875821E-4	-1.320000E-4
-6.932700E-4	-1.330000E-4
-6.896586E-4	-1.340000E-4
-6.948036E-4	-1.350000E-4
-7.034102E-4	-1.360000E-4
-7.127799E-4	-1.370000E-4
-7.133213E-4	-1.380000E-4
-7.186989E-4	-1.390000E-4
-7.216199E-4	-1.400000E-4
-7.317613E-4	-1.410000E-4
-7.296844E-4	-1.420000E-4
-7.312233E-4	-1.430000E-4
-7.349863E-4	-1.440000E-4
-7.461269E-4	-1.450000E-4
-7.478184E-4	-1.460000E-4
-7.495860E-4	-1.470000E-4
-7.602649E-4	-1.480000E-4
-7.657188E-4	-1.490000E-4
-7.728654E-4	-1.500000E-4
-7.767079E-4	-1.510000E-4
-7.746337E-4	-1.520000E-4
-7.807021E-4	-1.530000E-4
-7.853134E-4	-1.540000E-4
-7.936106E-4	-1.550000E-4
-7.902288E-4	-1.560000E-4
-8.011373E-4	-1.570000E-4
-8.087441E-4	-1.580000E-4
-8.132794E-4	-1.590000E-4
-8.102836E-4	-1.600000E-4
-8.203478E-4	-1.610000E-4
-8.246491E-4	-1.620000E-4
-8.274936E-4	-1.630000E-4
-8.304151E-4	-1.640000E-4
-8.398627E-4	-1.650000E-4
-8.341012E-4	-1.660000E-4
-8.459332E-4	-1.670000E-4
-8.443208E-4	-1.680000E-4
-8.536929E-4	-1.690000E-4
-8.568440E-4	-1.700000E-4
-8.622251E-4	-1.710000E-4
-8.682918E-4	-1.720000E-4
-8.708287E-4	-1.730000E-4
-8.746683E-4	-1.740000E-4
-8.779737E-4	-1.750000E-4
-8.830459E-4	-1.760000E-4
-8.875019E-4	-1.770000E-4
-8.995627E-4	-1.780000E-4
-9.026341E-4	-1.790000E-4
-8.966440E-4	-1.800000E-4
-8.973354E-4	-1.810000E-4
-9.063241E-4	-1.820000E-4
-9.212307E-4	-1.830000E-4
-9.239197E-4	-1.840000E-4
-9.275256E-4	-1.850000E-4
-9.323692E-4	-1.860000E-4
-9.381341E-4	-1.870000E-4
-9.345985E-4	-1.880000E-4
-9.453531E-4	-1.890000E-4
-9.458914E-4	-1.900000E-4
-9.581096E-4	-1.910000E-4
-9.607967E-4	-1.920000E-4
-9.688644E-4	-1.930000E-4
-9.677109E-4	-1.940000E-4
-9.754730E-4	-1.950000E-4
-9.763941E-4	-1.960000E-4
-9.836188E-4	-1.970000E-4
-9.857678E-4	-1.980000E-4
-9.884571E-4	-1.990000E-4
-9.962172E-4	-2.000000E-4
-1.003745E-3	-2.010000E-4
