Meas. Voltage (V)	Meas. Current (A)	6/1/2026 12:19:18 PM
8.088559E-4	2.010000E-4
8.007905E-4	2.000000E-4
7.989472E-4	1.990000E-4
7.952616E-4	1.980000E-4
7.978719E-4	1.970000E-4
7.868099E-4	1.960000E-4
7.850410E-4	1.950000E-4
7.803542E-4	1.940000E-4
7.656772E-4	1.930000E-4
7.685216E-4	1.920000E-4
7.552307E-4	1.910000E-4
7.533844E-4	1.900000E-4
7.466243E-4	1.890000E-4
7.457039E-4	1.880000E-4
7.387102E-4	1.870000E-4
7.387894E-4	1.860000E-4
7.341795E-4	1.850000E-4
7.328754E-4	1.840000E-4
7.289545E-4	1.830000E-4
7.300334E-4	1.820000E-4
7.186578E-4	1.810000E-4
7.102078E-4	1.800000E-4
7.115140E-4	1.790000E-4
6.979918E-4	1.780000E-4
7.007588E-4	1.770000E-4
6.923063E-4	1.760000E-4
6.867761E-4	1.750000E-4
6.820109E-4	1.740000E-4
6.851620E-4	1.730000E-4
6.808628E-4	1.720000E-4
6.750979E-4	1.710000E-4
6.671065E-4	1.700000E-4
6.691056E-4	1.690000E-4
6.561949E-4	1.680000E-4
6.534299E-4	1.670000E-4
6.576537E-4	1.660000E-4
6.497420E-4	1.650000E-4
6.434412E-4	1.640000E-4
6.339166E-4	1.630000E-4
6.354550E-4	1.620000E-4
6.261565E-4	1.610000E-4
6.203193E-4	1.600000E-4
6.197806E-4	1.590000E-4
6.091768E-4	1.580000E-4
6.081777E-4	1.570000E-4
6.034916E-4	1.560000E-4
5.993437E-4	1.550000E-4
5.919658E-4	1.540000E-4
5.890465E-4	1.530000E-4
5.869721E-4	1.520000E-4
5.838228E-4	1.510000E-4
5.727602E-4	1.500000E-4
5.695328E-4	1.490000E-4
5.647689E-4	1.480000E-4
5.569308E-4	1.470000E-4
5.584710E-4	1.460000E-4
5.526287E-4	1.450000E-4
5.524762E-4	1.440000E-4
5.380305E-4	1.430000E-4
5.348038E-4	1.420000E-4
5.301943E-4	1.410000E-4
5.216659E-4	1.400000E-4
5.260467E-4	1.390000E-4
5.221275E-4	1.380000E-4
5.129847E-4	1.370000E-4
5.112957E-4	1.360000E-4
5.218997E-4	1.350000E-4
5.043813E-4	1.340000E-4
4.993874E-4	1.330000E-4
4.932404E-4	1.320000E-4
4.858650E-4	1.310000E-4
4.900901E-4	1.300000E-4
4.869393E-4	1.290000E-4
4.754915E-4	1.280000E-4
4.678852E-4	1.270000E-4
4.672713E-4	1.260000E-4
4.642761E-4	1.250000E-4
4.587437E-4	1.240000E-4
4.534423E-4	1.230000E-4
4.533651E-4	1.220000E-4
4.442997E-4	1.210000E-4
4.414570E-4	1.200000E-4
4.361559E-4	1.190000E-4
4.356941E-4	1.180000E-4
4.220179E-4	1.170000E-4
4.248617E-4	1.160000E-4
4.184833E-4	1.150000E-4
4.135666E-4	1.140000E-4
4.064215E-4	1.130000E-4
4.008899E-4	1.120000E-4
4.045008E-4	1.110000E-4
3.985080E-4	1.100000E-4
3.921317E-4	1.090000E-4
3.898267E-4	1.080000E-4
3.792237E-4	1.070000E-4
3.756903E-4	1.060000E-4
3.755343E-4	1.050000E-4
3.739982E-4	1.040000E-4
3.629349E-4	1.030000E-4
3.588638E-4	1.020000E-4
3.590929E-4	1.010000E-4
3.478759E-4	1.000000E-4
3.504120E-4	9.900000E-5
3.442660E-4	9.800000E-5
3.261328E-4	9.700000E-5
3.460333E-4	9.600000E-5
3.357403E-4	9.500000E-5
3.330497E-4	9.400000E-5
3.113050E-4	9.300000E-5
3.060811E-4	9.200000E-5
3.109226E-4	9.100000E-5
3.053893E-4	9.000000E-5
3.088479E-4	8.900000E-5
3.070050E-4	8.800000E-5
2.879500E-4	8.700000E-5
2.869511E-4	8.600000E-5
2.772691E-4	8.500000E-5
2.689734E-4	8.400000E-5
2.625182E-4	8.300000E-5
2.626734E-4	8.200000E-5
2.632869E-4	8.100000E-5
2.511486E-4	8.000000E-5
2.572944E-4	7.900000E-5
2.467670E-4	7.800000E-5
2.466146E-4	7.700000E-5
2.400846E-4	7.600000E-5
2.382403E-4	7.500000E-5
2.377011E-4	7.400000E-5
2.303252E-4	7.300000E-5
2.188028E-4	7.200000E-5
2.221826E-4	7.100000E-5
2.176498E-4	7.000000E-5
2.036674E-4	6.900000E-5
2.138845E-4	6.800000E-5
1.951388E-4	6.700000E-5
1.980579E-4	6.600000E-5
1.931414E-4	6.500000E-5
1.853052E-4	6.400000E-5
1.880695E-4	6.300000E-5
1.670177E-4	6.200000E-5
1.718592E-4	6.100000E-5
1.563383E-4	6.000000E-5
1.655586E-4	5.900000E-5
1.583371E-4	5.800000E-5
1.601044E-4	5.700000E-5
1.628703E-4	5.600000E-5
1.396671E-4	5.500000E-5
1.296788E-4	5.400000E-5
1.462751E-4	5.300000E-5
1.339823E-4	5.200000E-5
1.422031E-4	5.100000E-5
1.167727E-4	5.000000E-5
1.204610E-4	4.900000E-5
1.185409E-4	4.800000E-5
1.041722E-4	4.700000E-5
9.595061E-5	4.600000E-5
1.060927E-4	4.500000E-5
1.027129E-4	4.400000E-5
7.858723E-5	4.300000E-5
9.986993E-5	4.200000E-5
8.419665E-5	4.100000E-5
9.226394E-5	4.000000E-5
7.528430E-5	3.900000E-5
6.929108E-5	3.800000E-5
6.621744E-5	3.700000E-5
6.199303E-5	3.600000E-5
5.738224E-5	3.500000E-5
4.578076E-5	3.400000E-5
2.104137E-5	3.300000E-5
-3.996126E-5	3.200000E-5
-7.783867E-5	3.100000E-5
-8.083470E-5	3.000000E-5
-9.205215E-5	2.900000E-5
-1.011949E-4	2.800000E-5
-8.990076E-5	2.700000E-5
-1.015791E-4	2.600000E-5
-7.891414E-5	2.500000E-5
-9.235940E-5	2.400000E-5
-9.858279E-5	2.300000E-5
-9.243620E-5	2.200000E-5
-1.054975E-4	2.100000E-5
-9.013147E-5	2.000000E-5
-9.305088E-5	1.900000E-5
-1.015792E-4	1.800000E-5
-1.007340E-4	1.700000E-5
-9.750707E-5	1.600000E-5
-8.782642E-5	1.500000E-5
-1.025779E-4	1.400000E-5
-1.074182E-4	1.300000E-5
-9.381925E-5	1.200000E-5
-8.675086E-5	1.100000E-5
-1.063427E-4	1.000000E-5
-1.048060E-4	9.000000E-6
-1.118745E-4	8.000000E-6
-8.144943E-5	7.000000E-6
-9.020823E-5	6.000000E-6
-1.067269E-4	5.000000E-6
-9.443393E-5	4.000000E-6
-1.110293E-4	3.000000E-6
-9.251310E-5	2.000000E-6
-9.305101E-5	1.000000E-6
-1.018095E-4	0.000000E+0
-8.275571E-5	0.000000E+0
-8.644348E-5	-1.000000E-6
-8.390825E-5	-2.000000E-6
-1.001193E-4	-3.000000E-6
-9.182167E-5	-4.000000E-6
-1.014255E-4	-5.000000E-6
-8.475333E-5	-6.000000E-6
-9.451064E-5	-7.000000E-6
-8.874835E-5	-8.000000E-6
-1.070342E-4	-9.000000E-6
-8.836436E-5	-1.000000E-5
-1.053438E-4	-1.100000E-5
-9.520214E-5	-1.200000E-5
-1.045755E-4	-1.300000E-5
-9.351190E-5	-1.400000E-5
-1.002730E-4	-1.500000E-5
-9.743021E-5	-1.600000E-5
-9.896696E-5	-1.700000E-5
-9.036173E-5	-1.800000E-5
-1.084171E-4	-1.900000E-5
-9.612416E-5	-2.000000E-5
-1.013486E-4	-2.100000E-5
-9.527894E-5	-2.200000E-5
-9.996568E-5	-2.300000E-5
-9.543277E-5	-2.400000E-5
-9.374233E-5	-2.500000E-5
-1.052670E-4	-2.600000E-5
-9.789122E-5	-2.700000E-5
-1.081865E-4	-2.800000E-5
-1.091854E-4	-2.900000E-5
-9.919744E-5	-3.000000E-5
-1.227078E-4	-3.100000E-5
-1.594335E-4	-3.200000E-5
-2.248948E-4	-3.300000E-5
-2.329621E-4	-3.400000E-5
-2.504029E-4	-3.500000E-5
-2.480214E-4	-3.600000E-5
-2.551664E-4	-3.700000E-5
-2.623893E-4	-3.800000E-5
-2.586245E-4	-3.900000E-5
-2.730690E-4	-4.000000E-5
-2.643104E-4	-4.100000E-5
-2.797536E-4	-4.200000E-5
-2.820581E-4	-4.300000E-5
-2.866686E-4	-4.400000E-5
-2.952732E-4	-4.500000E-5
-3.001142E-4	-4.600000E-5
-3.028797E-4	-4.700000E-5
-3.042633E-4	-4.800000E-5
-3.021884E-4	-4.900000E-5
-3.067985E-4	-5.000000E-5
-3.187841E-4	-5.100000E-5
-3.214731E-4	-5.200000E-5
-3.299251E-4	-5.300000E-5
-3.217809E-4	-5.400000E-5
-3.350727E-4	-5.500000E-5
-3.346876E-4	-5.600000E-5
-3.471357E-4	-5.700000E-5
-3.460596E-4	-5.800000E-5
-3.638839E-4	-5.900000E-5
-3.802496E-4	-6.000000E-5
-3.750263E-4	-6.100000E-5
-3.815554E-4	-6.200000E-5
-3.812487E-4	-6.300000E-5
-3.859361E-4	-6.400000E-5
-3.735662E-4	-6.500000E-5
-3.776371E-4	-6.600000E-5
-3.962309E-4	-6.700000E-5
-3.976140E-4	-6.800000E-5
-4.125190E-4	-6.900000E-5
-4.024539E-4	-7.000000E-5
-4.116739E-4	-7.100000E-5
-4.296532E-4	-7.200000E-5
-4.178205E-4	-7.300000E-5
-4.215074E-4	-7.400000E-5
-4.358759E-4	-7.500000E-5
-4.371048E-4	-7.600000E-5
-4.457873E-4	-7.700000E-5
-4.436368E-4	-7.800000E-5
-4.462485E-4	-7.900000E-5
-4.500143E-4	-8.000000E-5
-4.584661E-4	-8.100000E-5
-4.421008E-4	-8.200000E-5
-4.695285E-4	-8.300000E-5
-4.744466E-4	-8.400000E-5
-4.782888E-4	-8.500000E-5
-4.747553E-4	-8.600000E-5
-4.841283E-4	-8.700000E-5
-4.912738E-4	-8.800000E-5
-4.881237E-4	-8.900000E-5
-4.908129E-4	-9.000000E-5
-5.004164E-4	-9.100000E-5
-5.116340E-4	-9.200000E-5
-5.059488E-4	-9.300000E-5
-5.140171E-4	-9.400000E-5
-5.071773E-4	-9.500000E-5
-5.138626E-4	-9.600000E-5
-5.117887E-4	-9.700000E-5
-5.298424E-4	-9.800000E-5
-5.247733E-4	-9.900000E-5
-5.429045E-4	-1.000000E-4
-5.385249E-4	-1.010000E-4
-5.462845E-4	-1.020000E-4
-5.554276E-4	-1.030000E-4
-5.596537E-4	-1.040000E-4
-5.697965E-4	-1.050000E-4
-5.701812E-4	-1.060000E-4
-5.731776E-4	-1.070000E-4
-5.720254E-4	-1.080000E-4
-5.783245E-4	-1.090000E-4
-5.866999E-4	-1.100000E-4
-5.926167E-4	-1.110000E-4
-5.914639E-4	-1.120000E-4
-6.013741E-4	-1.130000E-4
-6.049094E-4	-1.140000E-4
-6.122854E-4	-1.150000E-4
-6.125138E-4	-1.160000E-4
-6.200445E-4	-1.170000E-4
-6.201214E-4	-1.180000E-4
-6.258073E-4	-1.190000E-4
-6.341820E-4	-1.200000E-4
-6.381774E-4	-1.210000E-4
-6.400212E-4	-1.220000E-4
-6.442472E-4	-1.230000E-4
-6.483960E-4	-1.240000E-4
-6.581541E-4	-1.250000E-4
-6.669126E-4	-1.260000E-4
-6.688337E-4	-1.270000E-4
-6.706777E-4	-1.280000E-4
-6.790530E-4	-1.290000E-4
-6.798977E-4	-1.300000E-4
-6.739829E-4	-1.310000E-4
-6.895775E-4	-1.320000E-4
-6.865048E-4	-1.330000E-4
-6.891954E-4	-1.340000E-4
-7.089412E-4	-1.350000E-4
-6.994918E-4	-1.360000E-4
-7.034087E-4	-1.370000E-4
-7.098632E-4	-1.380000E-4
-7.143191E-4	-1.390000E-4
-7.289927E-4	-1.400000E-4
-7.307594E-4	-1.410000E-4
-7.377525E-4	-1.420000E-4
-7.393658E-4	-1.430000E-4
-7.369066E-4	-1.440000E-4
-7.480494E-4	-1.450000E-4
-7.478942E-4	-1.460000E-4
-7.538098E-4	-1.470000E-4
-7.636451E-4	-1.480000E-4
-7.721747E-4	-1.490000E-4
-7.638768E-4	-1.500000E-4
-7.697925E-4	-1.510000E-4
-7.794753E-4	-1.520000E-4
-7.833905E-4	-1.530000E-4
-7.862350E-4	-1.540000E-4
-7.903830E-4	-1.550000E-4
-7.981422E-4	-1.560000E-4
-8.095134E-4	-1.570000E-4
-8.022915E-4	-1.580000E-4
-8.088215E-4	-1.590000E-4
-8.137389E-4	-1.600000E-4
-8.214246E-4	-1.610000E-4
-8.283375E-4	-1.620000E-4
-8.287217E-4	-1.630000E-4
-8.384791E-4	-1.640000E-4
-8.422429E-4	-1.650000E-4
-8.563789E-4	-1.660000E-4
-8.428599E-4	-1.670000E-4
-8.587631E-4	-1.680000E-4
-8.520801E-4	-1.690000E-4
-8.673687E-4	-1.700000E-4
-8.639887E-4	-1.710000E-4
-8.726727E-4	-1.720000E-4
-8.712888E-4	-1.730000E-4
-8.770518E-4	-1.740000E-4
-8.782040E-4	-1.750000E-4
-8.850407E-4	-1.760000E-4
-8.904968E-4	-1.770000E-4
-8.934926E-4	-1.780000E-4
-8.983344E-4	-1.790000E-4
-9.039428E-4	-1.800000E-4
-9.107803E-4	-1.810000E-4
-9.143145E-4	-1.820000E-4
-9.247632E-4	-1.830000E-4
-9.251463E-4	-1.840000E-4
-9.303726E-4	-1.850000E-4
-9.312949E-4	-1.860000E-4
-9.326751E-4	-1.870000E-4
-9.376717E-4	-1.880000E-4
-9.519623E-4	-1.890000E-4
-9.511152E-4	-1.900000E-4
-9.527305E-4	-1.910000E-4
-9.621791E-4	-1.920000E-4
-9.670196E-4	-1.930000E-4
-9.651777E-4	-1.940000E-4
-9.725547E-4	-1.950000E-4
-9.753187E-4	-1.960000E-4
-9.836170E-4	-1.970000E-4
-9.862275E-4	-1.980000E-4
-9.905322E-4	-1.990000E-4
-9.942960E-4	-2.000000E-4
-1.007205E-3	-2.010000E-4
